0 0.0
1 0.0
2 0.125
3 0.1125
4 0.1125
5 0.09999999999999999
6 0.11249999999999999
7 0.103375
8 -0.021625000000000005
9 -0.009124999999999992
10 0.0033749999999999995
11 0.012124999999999997
12 0.018250000000000006
13 0.02700000000000001
14 0.03950000000000001
15 0.03950000000000001
16 0.04825000000000001
17 0.057000000000000016
18 0.04450000000000001
19 -0.0805
20 -0.0805
21 -0.08587499999999999
22 -0.07337500000000001
23 -0.06724999999999999
24 -0.06724999999999999
25 -0.06724999999999999
26 -0.06724999999999999
27 0.020249999999999994
28 0.020249999999999994
29 0.020249999999999994
30 0.028999999999999988
31 0.028999999999999988
32 0.028999999999999988
33 0.028999999999999988
34 0.035124999999999997
35 0.033725000000000005
36 0.033725000000000005
37 0.0269625
38 -0.09803749999999996
39 -0.09803749999999996
40 -0.09803749999999996
41 -0.18553750000000002
42 -0.18553750000000002
43 -0.19803749999999998
44 -0.19803749999999998
45 -0.19803749999999998
46 -0.19374999999999998
47 -0.19374999999999998
48 -0.18762499999999996
49 -0.18333749999999996
50 -0.18333749999999996
51 -0.3083375
52 -0.3208375
53 -0.3208375
54 -0.3147125
55 -0.310425
56 -0.30742375
57 -0.30742375
58 -0.43242375000000005
59 -0.43032287500000005
60 -0.555322875
61 -0.4940728750000001
62 -0.4940728750000001
63 -0.451197875
64 -0.451197875
65 -0.451197875
66 -0.4497272625
67 -0.4454397625
68 -0.5329397625000002
69 -0.5368908875000001
70 -0.5362171375000001
71 -0.5362171375000001
72 -0.5362171375000001
73 -0.5362171375000001
74 -0.5362171375000001
75 -0.5362171375000001
76 -0.5974671375000001
77 -0.5674546375000001
78 -0.5674546375000001
79 -0.5669830125000002
80 -0.5669830125000002
81 -0.5757330124999999
82 -0.5727317625
83 -0.5684442625
84 -0.6559442625
85 -0.6529430125000001
86 -0.6529430125000001
87 -0.6499417625000001
88 -0.6289330125000001
89 -0.6289330125000001
90 -0.6289330125000001
91 -0.6289330125000001
92 -0.6289330125000001
93 -0.6259317625
94 -0.6238308875
95 -0.6217300125
96 -0.6196291375
97 -0.618158525
98 -0.621238525
99 -0.6065324
100 -0.6055029712500001
101 -0.60403235875
102 -0.60300293
103 -0.60300293
104 -0.6022823298750001
105 -0.601952192375
106 -0.601952192375
107 -0.601952192375
108 -0.689452192375
109 -0.6887315922499999
110 -0.6887315922499999
111 -0.6866307172499999
112 -0.6866307172499999
113 -0.6861262971625001
114 -0.7736262971625
115 -0.7721556846625001
116 -0.7706850721624999
117 -0.7696556434124999
118 -0.7686262146624999
119 -0.8298762146624998
120 -0.8298762146624998
121 -0.8298762146624998
122 -0.8298762146624998
123 -0.8298762146624998
124 -0.829371794575
125 -0.8286511944499999
126 -0.8899011944499998
127 -0.8899011944499998
128 -0.8899011944499998
129 -0.8911148194499999
130 -0.89076172538875
131 -0.890514559545875
132 -0.890514559545875
133 -0.890514559545875
134 -0.890514559545875
135 -0.890514559545875
136 -0.890514559545875
137 -0.890514559545875
138 -1.015514559545875
139 -1.015161465484625
140 -1.015161465484625
141 -1.1026614654846247
142 -1.1048174654846248
143 -1.104096865359625
144 -1.1035924452721249
145 -1.103239351210875
146 -1.1029921853679998
147 -1.164242185368
148 -1.163995019525125
149 -1.1537007320251251
150 -1.1965757320251251
151 -1.1964027159351127
152 -1.2051527159351128
153 -1.2480277159351125
154 -1.2480277159351125
155 -1.2480277159351125
156 -1.2469982871851126
157 -1.2469982871851126
158 -1.2557482871851127
159 -1.2557482871851127
160 -1.2557482871851127
161 -1.2644982871851127
162 -1.2644982871851127
163 -1.2644982871851127
164 -1.2637776870601127
165 -1.2637776870601127
166 -1.2699026870601127
167 -1.3574026870601124
168 -1.3574026870601124
169 -1.3589118870601125
170 -1.3589118870601125
171 -1.3589118870601125
172 -1.4201618870601127
173 -1.4200407757971039
174 -1.4200407757971039
175 -1.4200407757971039
176 -1.4200407757971039
177 -1.4199559979129976
178 -1.4199559979129976
179 -1.4199951979129974
180 -1.4199951979129974
181 -1.4199951979129974
182 -1.4500076979129977
183 -1.4500076979129977
184 -1.4500076979129977
185 -1.4928826979129977
186 -1.4928826979129977
187 -1.4928826979129977
188 -1.4927096818229852
189 -1.4927096818229852
190 -1.4927096818229852
191 -1.4927096818229852
192 -1.4927096818229852
193 -1.4925366657329728
194 -1.4924155544699642
195 -1.535290554469964
196 -1.535205776585858
197 -1.535205776585858
198 -1.5338170553358577
199 -1.5338170553358577
200 -1.5333126352483577
201 -1.5333126352483577
202 -1.5333126352483577
203 -1.5332532907294834
204 -1.5207532907294834
205 -1.5207117495662714
206 -1.5207117495662714
207 -1.5207117495662714
208 -1.5202073294787715
209 -1.5201479849598973
210 -1.5201479849598973
211 -1.5201479849598973
212 -1.5201479849598973
213 -1.5200268736968885
214 -1.5199853325336763
215 -1.5812353325336763
216 -1.5812353325336763
217 -1.5812062537194278
218 -1.5811214758353218
219 -1.5872464758353217
220 -1.5872464758353217
221 -1.5871871313164476
222 -1.5871871313164476
223 -1.5784371313164476
224 -1.5784167761464738
225 -1.5780636820852239
226 -1.5780636820852239
227 -1.5780636820852239
228 -1.5780636820852239
229 -1.7030636820852232
230 -1.7030494334662416
231 -1.7026963394049917
232 -1.7069838394049917
233 -1.7064440431549917
234 -1.8314440431549917
235 -1.8314025019917797
236 -1.8313925279584924
237 -1.8313925279584924
238 -1.8241865267084927
239 -1.8241795448851914
240 -1.8854295448851914
241 -1.8854295448851914
242 -1.8803853440101914
243 -1.9232603440101912
244 -1.923231265195943
245 -1.944240015195943
246 -1.944240015195943
247 -1.944240015195943
248 -1.944240015195943
249 -1.9407090745834428
250 -1.9345840745834428
251 -1.934336908740568
252 -1.934336908740568
253 -1.964349408740568
254 -1.965737622490568
255 -1.965737622490568
256 -1.965737622490568
257 -1.9657327352142573
258 -2.0532327352142574
259 -2.048945235214257
260 -2.063651360214257
261 -2.063478344124245
262 -2.060477094124245
263 -2.0603559828612363
264 -2.0631059828612366
265 -2.06302120497713
266 -2.09303370497713
267 -2.0930046261628816
268 -2.0929452816440075
269 -2.092924926474034
270 -2.092924926474034
271 -2.092910677855052
272 -2.09286913669184
273 -2.092848781521866
274 -2.092848781521866
275 -2.092601615678991
276 -2.092601615678991
277 -2.092601615678991
278 -2.092601615678991
279 -2.092601615678991
280 -2.092601615678991
281 -2.092601615678991
282 -2.092601615678991
283 -2.092601615678991
284 -2.1354766156789906
285 -2.1354766156789906
286 -2.1354766156789906
287 -2.1354766156789906
288 -2.1354766156789906
289 -2.1364483653039907
290 -2.1364449442105733
291 -2.166457444210573
292 -2.1664283653963246
293 -2.1664283653963246
294 -2.1664259706309323
295 -2.1664259706309323
296 -2.1639543122021823
297 -2.1638531272021826
298 -2.1638531272021826
299 -2.1638431531688953
300 -2.1638227979989213
301 -2.174117085498921
302 -2.1741028368799395
303 -2.2353528368799394
304 -2.2353428628466525
305 -2.278217862846652
306 -2.280142862846652
307 -2.27996984675664
308 -2.27996984675664
309 -2.27996984675664
310 -2.2829710967566395
311 -2.3039798467566395
312 -2.3339923467566397
313 -2.333985364933339
314 -2.333985364933339
315 -2.333980477657028
316 -2.3339788013212535
317 -2.3411848025712536
318 -2.3425323025712532
319 -2.3635410525712532
320 -2.3782471775712533
321 -2.3782471775712533
322 -2.378243756477836
323 -2.378242583042794
324 -2.378242583042794
325 -2.378241761638264
326 -2.3782347798149632
327 -2.3765046189148378
328 -2.3765040439316674
329 -2.3765040439316674
330 -2.376489795312686
331 -2.376484908036375
332 -2.376484908036375
333 -2.376484908036375
334 -2.3764814869429576
335 -2.3764790921775654
336 -2.3763579809145567
337 -2.3740083022895564
338 -2.3727971896594693
339 -2.372787215626182
340 -2.374888090626182
341 -2.3748856958607893
342 -2.3748856958607893
343 -2.3748856958607893
344 -2.374878714037488
345 -2.374878714037488
346 -2.3748738267611778
347 -2.375817076761178
348 -2.3758154004254033
349 -2.3819404004254037
350 -2.3810926215843424
351 -2.381089200490924
352 -2.3807113431159244
353 -2.3807113431159244
354 -2.3807113431159244
355 -2.3806265652318186
356 -2.3806265652318186
357 -2.468126565231818
358 -2.468125391796776
359 -2.4681245703922463
360 -2.4681245703922463
361 -2.4681245703922463
362 -2.468124167904027
363 -2.468124167904027
364 -2.4681235929208567
365 -2.4681235929208567
366 -2.4681235929208567
367 -2.4724110929208565
368 -2.4724110929208565
369 -2.475412342920857
370 -2.475412342920857
371 -2.475412342920857
372 -2.474750777383357
373 -2.476851652383357
374 -2.476851652383357
375 -2.4768499760475824
376 -2.4768495735593627
377 -2.4978583235593628
378 -2.497858041817609
379 -2.497858041817609
380 -2.497858041817609
381 -2.497858041817609
382 -2.497858041817609
383 -2.527870541817609
384 -2.527870541817609
385 -2.527870541817609
386 -2.5258287014051093
387 -2.525828419663356
388 -2.525828419663356
389 -2.525828419663356
390 -2.525769075144481
391 -2.523668200144481
392 -2.5236658053790886
393 -2.5287100062540886
394 -2.5287100062540886
395 -2.5287100062540886
396 -2.5434161312540886
397 -2.5434161312540886
398 -2.5434149578190466
399 -2.543414760599819
400 -2.5434139391952892
401 -2.5537082266952895
402 -2.5537082266952895
403 -2.5537082266952895
404 -2.553245130819039
405 -2.6144951308190394
406 -2.6144951308190394
407 -2.6144951308190394
408 -2.6144951308190394
409 -2.61449499276558
410 -2.6144933164298054
411 -2.6355020664298054
412 -2.6355008929947634
413 -2.635500318011593
414 -2.639787818011593
415 -2.639787818011593
416 -2.6397874155233736
417 -2.682662415523373
418 -2.6826615941188443
419 -2.6826615941188443
420 -2.6826614974814227
421 -2.7036702474814227
422 -2.7036702474814227
423 -2.703669672498252
424 -2.703669672498252
425 -2.733682172498252
426 -2.733681770010032
427 -2.733681770010032
428 -2.733681702363837
429 -2.733681702363837
430 -2.7351523148638375
431 -2.7351523148638375
432 -2.7351523148638375
433 -2.7561610648638375
434 -2.7561195237006255
435 -2.7561195237006255
436 -2.756119241958872
437 -2.756119241958872
438 -2.7561190447396444
439 -2.7561190447396444
440 -2.754273576114644
441 -2.754244497300396
442 -2.754244497300396
443 -2.7542443000811683
444 -2.7542443000811683
445 -2.7542443000811683
446 -2.754244162027709
447 -2.754243880285955
448 -2.754243880285955
449 -2.754243880285955
450 -2.7842563802859552
451 -2.7842562422324963
452 -2.7842561948801596
453 -2.784256098242738
454 -2.784256098242738
455 -2.784256098242738
456 -2.784256098242738
457 -2.784256098242738
458 -2.783662653053995
459 -2.783662653053995
460 -2.783247241421875
461 -2.7815450164218753
462 -2.7830156289218753
463 -2.7830156289218753
464 -2.7830155612756804
465 -2.7830155612756804
466 -2.7829952061057064
467 -2.7829952061057064
468 -2.7828058576719563
469 -2.7828058576719563
470 -2.7828058576719563
471 -2.7828058576719563
472 -2.790011858921956
473 -2.804717983921956
474 -2.8032886956332064
475 -2.8032886482808697
476 -2.8062898982808697
477 -2.805999110138386
478 -2.805999110138386
479 -2.8059989129191583
480 -2.8059988797725226
481 -2.8059988797725226
482 -2.8048073222725223
483 -2.804603770572784
484 -2.804603770572784
485 -2.804603632519324
486 -2.8046035358819026
487 -2.804589287262921
488 -2.803755197012921
489 -2.803755197012921
490 -2.8072861376254212
491 -2.8072761635921335
492 -2.8071336774023163
493 -2.8218398024023164
494 -2.8218397347561215
495 -2.8228691635061214
496 -2.8438779135061214
497 -2.8438709316828206
498 -2.8438709316828206
499 -2.854165219182821
500 -2.854165219182821
501 -2.8540654788499484
502 -2.8969404788499484
503 -2.9116466038499484
504 -2.9116466038499484
505 -2.9263527288499485
506 -2.926352695703313
507 -2.9366469832033126
508 -2.9366469832033126
509 -2.9366469832033126
510 -2.946941270703313
511 -2.9469412475006678
512 -2.9460083791674183
513 -2.9460083791674183
514 -2.9460083791674183
515 -2.9460083791674183
516 -2.946003491891107
517 -2.946003491891107
518 -2.946003491891107
519 -2.9460000707976897
520 -2.9459302525646796
521 -2.9459302525646796
522 -2.945930236322828
523 -2.9459301889704914
524 -2.9562244764704917
525 -2.9562244764704917
526 -2.9562244764704917
527 -2.95622437983307
528 -2.95564051665807
529 -2.95564051665807
530 -2.95416990415807
531 -2.95416990415807
532 -2.95416990415807
533 -2.95416990415807
534 -2.95416990415807
535 -2.95416990415807
536 -2.95416990415807
537 -2.95376119993557
538 -2.95376119993557
539 -2.95376119993557
540 -2.9537611667889343
541 -2.9537611667889343
542 -2.953758772023542
543 -2.953758772023542
544 -2.953758772023542
545 -2.953758772023542
546 -2.953758772023542
547 -2.953758772023542
548 -2.952285762425167
549 -2.9520170250979167
550 -2.9520170018952725
551 -2.9520170018952725
552 -2.9520170018952725
553 -2.9520170018952725
554 -2.9520170018952725
555 -2.9623112893952723
556 -2.9623112893952723
557 -2.961658281561997
558 -2.9688642828119973
559 -2.9835704078119973
560 -2.983568731476223
561 -2.990774732726223
562 -2.990774732726223
563 -2.990774665080028
564 -3.0207871650800278
565 -3.0207871650800278
566 -3.0207871650800278
567 -3.0207382923169206
568 -3.0207382923169206
569 -3.0207371188818786
570 -3.0279431201318783
571 -3.0279431201318783
572 -3.0279430727795416
573 -3.0279430495768964
574 -3.0279430495768964
575 -3.0279430382076007
576 -3.0489517882076007
577 -3.087106216957601
578 -3.0974005044576014
579 -3.097400496499094
580 -3.097400496499094
581 -3.097400496499094
582 -3.097400496499094
583 -3.097400496499094
584 -3.097400496499094
585 -3.1046064977490935
586 -3.104572286814919
587 -3.104572286814919
588 -3.104572286814919
589 -3.104572286814919
590 -3.104572286814919
591 -3.109616487689918
592 -3.109616487689918
593 -3.109616487689918
594 -3.109616487689918
595 -3.109616487689918
596 -3.113147428302419
597 -3.118191629177419
598 -3.118191629177419
599 -3.118191629177419
600 -3.1162517862216688
601 -3.116250964817139
602 -3.116250964817139
603 -3.121295165692139
604 -3.121295165692139
605 -3.1212951325455034
606 -3.121295126974548
607 -3.121295126974548
608 -3.121295126974548
609 -3.119937236905523
610 -3.119937236905523
611 -3.1199366619223525
612 -3.1199366387197074
613 -3.1199366387197074
614 -3.1181723028859576
615 -3.1181723028859576
616 -3.1573981778859577
617 -3.1848562903859574
618 -3.1995624153859574
619 -3.198327380302332
620 -3.198327380302332
621 -3.198327364060481
622 -3.1974628395019438
623 -3.1974624370137246
624 -3.1981830371387243
625 -3.197232514090407
626 -3.197232514090407
627 -3.197232514090407
628 -3.1972322323486537
629 -3.1972322323486537
630 -3.197208284694731
631 -3.197208284694731
632 -3.1972082684528798
633 -3.1972082684528798
634 -3.1972082684528798
635 -3.197208071233652
636 -3.197208071233652
637 -3.1961769645147897
638 -3.196176953145494
639 -3.196176936903642
640 -3.195455162200439
641 -3.195455162200439
642 -3.194425733450439
643 -3.194425733450439
644 -3.1944257295507703
645 -3.1944257215922627
646 -3.194425583538804
647 -3.194425583538804
648 -3.194425583538804
649 -3.194425583538804
650 -3.199469784413804
651 -3.199469784413804
652 -3.199469781684036
653 -3.19946977031474
654 -3.1994697684039024
655 -3.1994697684039024
656 -3.1994697604453948
657 -3.1994697548744395
658 -3.1994697548744395
659 -3.20300069548694
660 -3.20300069548694
661 -3.20300069548694
662 -3.20300069548694
663 -3.20300069548694
664 -3.203000684117644
665 -3.203000684117644
666 -3.203000680217976
667 -3.203000680217976
668 -3.210206681467976
669 -3.217412682717976
670 -3.2174126813803894
671 -3.2174126734218818
672 -3.2174126678509274
673 -3.2174126678509274
674 -3.2174125712135058
675 -3.2174125684837374
676 -3.217395805125991
677 -3.217395805125991
678 -3.217395805125991
679 -3.217395805125991
680 -3.222440006000991
681 -3.2224400040901533
682 -3.2224400040901533
683 -3.2219875133729396
684 -3.2219875133729396
685 -3.2219875133729396
686 -3.2219875094732715
687 -3.2219875094732715
688 -3.2219875094732715
689 -3.2219875094732715
690 -3.2219875094732715
691 -3.2219875094732715
692 -3.2219874418270766
693 -3.2219874418270766
694 -3.2255183824395766
695 -3.2260228025270763
696 -3.2284944609558264
697 -3.2335386618308264
698 -3.233538659101059
699 -3.2335269247506364
700 -3.2335269247506364
701 -3.2359985831793865
702 -3.23599853582705
703 -3.23599853582705
704 -3.235998530256095
705 -3.235998530256095
706 -3.235998530256095
707 -3.235998528918509
708 -3.262706629043509
709 -3.2627066281071984
710 -3.2627066261963606
711 -3.2627066261963606
712 -3.2627066261963606
713 -3.2627066261963606
714 -3.2627066261963606
715 -3.2626984121510656
716 -3.262698411214755
717 -3.262698411214755
718 -3.262698409877169
719 -3.2626984059775004
720 -3.2626984059775004
721 -3.2626984059775004
722 -3.2626983728308647
723 -3.2626983496282196
724 -3.2626983496282196
725 -3.2626983489728025
726 -3.262698348036492
727 -3.262698347381075
728 -3.262698347381075
729 -3.262698347381075
730 -3.2626983311392235
731 -3.2626983311392235
732 -3.262698330483806
733 -3.265169988912556
734 -3.270214189787556
735 -3.270214189787556
736 -3.2737451304000564
737 -3.2737451304000564
738 -3.2840394179000563
739 -3.2840394179000563
740 -3.2875703585125566
741 -3.2875703557827882
742 -3.306791034532788
743 -3.3085211954329137
744 -3.308515445601207
745 -3.308515445601207
746 -3.308515445601207
747 -3.308515445601207
748 -3.308515445601207
749 -3.307532600427176
750 -3.307532600427176
751 -3.3075285755449815
752 -3.3075285755449815
753 -3.307525758127445
754 -3.307525758127445
755 -3.3075257562166076
756 -3.3075257562166076
757 -3.3075257562166076
758 -3.3075257562166076
759 -3.3075257562166076
760 -3.3147317574666073
761 -3.3147317574666073
762 -3.3147317574666073
763 -3.3147317574666073
764 -3.3147317460973116
765 -3.3144150025952626
766 -3.3194592034702626
767 -3.3229901440827625
768 -3.322268664011332
769 -3.322268664011332
770 -3.322268664011332
771 -3.322268664011332
772 -3.322268664011332
773 -3.32226866355254
774 -3.32226866355254
775 -3.322046943101105
776 -3.324518601529855
777 -3.32624876242998
778 -3.32977970304248
779 -3.3309908156725676
780 -3.3309908156725676
781 -3.3303254495387455
782 -3.3303254490799534
783 -3.3303254486211613
784 -3.3303254483000067
785 -3.3303254483000067
786 -3.3303254483000067
787 -3.3303254483000067
788 -3.3303254483000067
789 -3.3303254469624206
790 -3.330323474770145
791 -3.3303234745453367
792 -3.330323474387971
793 -3.330323474387971
794 -3.330323474387971
795 -3.329390424949802
796 -3.329390424949802
797 -3.328669824824802
798 -3.328669824714646
799 -3.332200765327146
800 -3.333048544168207
801 -3.333048543847053
802 -3.333048543769944
803 -3.333401637831194
804 -3.3334016375100393
805 -3.3334016375100393
806 -3.333401637285231
807 -3.333401637285231
808 -3.333401637285231
809 -3.335873295713981
810 -3.335873295713981
811 -3.335873295713981
812 -3.3805564658014813
813 -3.3805564658014813
814 -3.3822866267016063
815 -3.3847582851303564
816 -3.3847582851303564
817 -3.384756904595763
818 -3.3847569044383974
819 -3.3847569044383974
820 -3.3847569044383974
821 -3.3847569044383974
822 -3.3847569043282415
823 -3.424198879453241
824 -3.4241988785169304
825 -3.4241988785169304
826 -3.4241988785169304
827 -3.424198878462954
828 -3.4241988705044473
829 -3.424197904130232
830 -3.4241979040924484
831 -3.4240266767563483
832 -3.4240266761009313
833 -3.4240266761009313
834 -3.423373541494213
835 -3.4233735359232575
836 -3.4233735358968094
837 -3.4233735354380173
838 -3.4233735354380173
839 -3.4233735351168626
840 -3.4233735351168626
841 -3.4233735351168626
842 -3.4233735312171945
843 -3.4233728547552436
844 -3.4233728547552436
845 -3.4233728547367295
846 -3.4233728547367295
847 -3.4233728547367295
848 -3.4233728547367295
849 -3.4258445131654796
850 -3.4253873189407766
851 -3.4253873187159685
852 -3.4253873186388595
853 -3.425634484481734
854 -3.4256344843243682
855 -3.4256344843243682
856 -3.4281061427531188
857 -3.4281061427531188
858 -3.4305778011818684
859 -3.4305778011689085
860 -3.4305778011689085
861 -3.432307962069034
862 -3.432307962069034
863 -3.432307962069034
864 -3.432307962069034
865 -3.432307962069034
866 -3.4306845807753583
867 -3.431895693405446
868 -3.4331068060355334
869 -3.4326023859480332
870 -3.434332546848158
871 -3.434332546839087
872 -3.433979452777836
873 -3.433979452777836
874 -3.433979452777836
875 -3.43397945266768
876 -3.46525767172893
877 -3.465257198205565
878 -3.46501003236269
879 -3.4650100321378825
880 -3.465010031980516
881 -3.4650100292507484
882 -3.4650100292507484
883 -3.4650100292507484
884 -3.464477754066584
885 -3.4644777540602334
886 -3.4644777539500775
887 -3.4644777539500775
888 -3.4644777539500775
889 -3.464477422483722
890 -3.465688535113809
891 -3.467418696013935
892 -3.467418696013935
893 -3.467418694103097
894 -3.4674186927655106
895 -3.4674186927655106
896 -3.4674186918292005
897 -3.4674184598027513
898 -3.467418459748775
899 -3.467418459748775
900 -3.467418459748775
901 -3.467418459748775
902 -3.467418459748775
903 -3.467418459748775
904 -3.467418459748775
905 -3.4682662385898357
906 -3.4682662385898357
907 -3.4682662385898357
908 -3.4682662379344187
909 -3.4682662379344187
910 -3.4684392540244313
911 -3.4690326992131744
912 -3.4690326992131744
913 -3.4690326991753913
914 -3.4690326991753913
915 -3.4690326991709455
916 -3.4698804780120067
917 -3.469880478008895
918 -3.469880477550103
919 -3.4687441106445296
920 -3.4693375558332726
921 -3.469337555806824
922 -3.469931000995567
923 -3.469931000995567
924 -3.4716611618956925
925 -3.471661161818583
926 -3.471661161818583
927 -3.471661161818583
928 -3.471661161741474
929 -3.471661161741474
930 -3.471661161741474
931 -3.471661161741474
932 -3.471661161741474
933 -3.471661161741474
934 -3.471661161741474
935 -3.471661161741474
936 -3.47166099932296
937 -3.472872111953047
938 -3.472872111953047
939 -3.4720766551191464
940 -3.4720766551191464
941 -3.472076655116968
942 -3.4720766550984545
943 -3.472076655044478
944 -3.472076655042953
945 -3.4720765413499937
946 -3.4720764617649214
947 -3.4720764617271382
948 -3.471743078594106
949 -3.4717430785811465
950 -3.4717430785811465
951 -3.4717430785811465
952 -3.4717430785811465
953 -3.4717430785271692
954 -3.4717430785271692
955 -3.4717430228176194
956 -3.4717430228176194
957 -3.471743022496465
958 -3.471743022496465
959 -3.471743022470017
960 -3.471743022470017
961 -3.471743022470017
962 -3.4717430224322334
963 -3.4709915544717997
964 -3.47140696610392
965 -3.4716977542464034
966 -3.4716977542453358
967 -3.4716977542453358
968 -3.471697754020527
969 -3.471697754020527
970 -3.4716977538631615
971 -3.4716977538631615
972 -3.4716977538631615
973 -3.4716977148664765
974 -3.4716977148574046
975 -3.472545493698466
976 -3.4725454936720173
977 -3.4725454936720173
978 -3.473756606302105
979 -3.4737566061919485
980 -3.4737565788942693
981 -3.4737565788757556
982 -3.4737565788757556
983 -3.4737565788757556
984 -3.473756578869405
985 -3.473756578869405
986 -3.4737565788564453
987 -3.4732305512841415
988 -3.4951253046270168
989 -3.4951253046270168
990 -3.4951253046270168
991 -3.4951252855186414
992 -3.4951252855141965
993 -3.4951252855141965
994 -3.4963363981442837
995 -3.4964575094072927
996 -3.496457509398221
997 -3.4960827499814955
998 -3.4960827499807485
999 -3.4960827499622344
1000 -3.4960827499622344
1001 -3.4961675278463407
1002 -3.497897688746466
1003 -3.4978976887335063
1004 -3.4978976887335063
1005 -3.4978976886563973
1006 -3.497897688650047
1007 -3.4978976886456015
1008 -3.4978976886450783
1009 -3.4978976886450783
1010 -3.4978976752692152
1011 -3.4978976752152384
1012 -3.497657766906004
1013 -3.497657766902892
1014 -3.497657766902526
1015 -3.4976577668934543
1016 -3.4976577668934543
1017 -3.4976577668934543
1018 -3.4972652869726866
1019 -3.4972652869726866
1020 -3.4972652869726866
1021 -3.496990551028149
1022 -3.4967282194364415
1023 -3.496728219398658
1024 -3.49672821939648
1025 -3.49672821939648
1026 -3.496728219370031
1027 -3.496728219370031
1028 -3.4979393320001186
1029 -3.4979393319998624
1030 -3.4979393319998624
1031 -3.497939331993512
1032 -3.498787110834573
1033 -3.498787101471469
1034 -3.4987871014683574
1035 -3.4987871014683574
1036 -3.498787101466833
1037 -3.4987871014483187
1038 -3.544587734035819
1039 -3.544587734035819
1040 -3.5445877274816464
1041 -3.5454355063227077
1042 -3.545850917954828
1043 -3.5458509133669067
1044 -3.5458509133669067
1045 -3.5458509133669067
1046 -3.545850913353947
1047 -3.545850913353947
1048 -3.5456980657204658
1049 -3.545698065719398
1050 -3.545698065719398
1051 -3.5456980657149533
1052 -3.5456980625034085
1053 -3.5456980602553276
1054 -3.5456980602553276
1055 -3.5456980586816704
1056 -3.5456980586816704
1057 -3.5456980586816704
1058 -3.547428219581795
1059 -3.5486393322118825
1060 -3.5486393322118825
1061 -3.5484538150053964
1062 -3.5484538150053964
1063 -3.5484538150053964
1064 -3.5484538150032177
1065 -3.5484538150024707
1066 -3.548453814993399
1067 -3.548453814991874
1068 -3.5484538149855234
1069 -3.548453814982412
1070 -3.548453814981889
1071 -3.548453814981889
1072 -3.545138159500763
1073 -3.545138159498585
1074 -3.545138159498585
1075 -3.545138159498219
1076 -3.545138159498219
1077 -3.5451381594966946
1078 -3.578655736836707
1079 -3.578655736836707
1080 -3.578655736836707
1081 -3.578655736836707
1082 -3.578655736836707
1083 -3.5786557368322622
1084 -3.5786557368291505
1085 -3.5786557368288943
1086 -3.5786557368288943
1087 -3.578525874784354
1088 -3.578525874784354
1089 -3.578525874784354
1090 -3.6105863175956032
1091 -3.6105863175956032
1092 -3.6105863164940435
1093 -3.6105863164940435
1094 -3.6104164955852873
1095 -3.61041649558422
1096 -3.6104164955840417
1097 -3.610308182676001
1098 -3.6103081826749333
1099 -3.6103081826749333
1100 -3.6109016278636763
1101 -3.6109016278636763
1102 -3.610901627092584
1103 -3.610901627091837
1104 -3.6109016270917116
1105 -3.610901627090964
1106 -3.610901627090964
1107 -3.610901627090964
1108 -3.6109016270904415
1109 -3.6109016270904415
1110 -3.6109016270899184
1111 -3.6109016270899184
1112 -3.6109016270899184
1113 -3.6109016270899184
1114 -3.610901627089739
1115 -3.6109016265499747
1116 -3.611317038182094
1117 -3.611317038181969
1118 -3.611317038181603
1119 -3.6113170378037682
1120 -3.6113170378037682
1121 -3.6113170378037682
1122 -3.6113170378037682
1123 -3.6112412187681393
1124 -3.6112412187677734
1125 -3.6115320069102577
1126 -3.612379785751319
1127 -3.6123797857510627
1128 -3.6129732309398057
1129 -3.613176782639544
1130 -3.6129812628214726
1131 -3.6129812628212163
1132 -3.6129812628212163
1133 -3.6129812628190385
1134 -3.613184814518777
1135 -3.6131848145186893
1136 -3.6131848145186893
1137 -3.613475602661173
1138 -3.6134756026611115
1139 -3.613475602659587
1140 -3.6134756026595443
1141 -3.613475602659365
1142 -3.6134756026591854
1143 -3.6134756026590598
1144 -3.6134756026589723
1145 -3.6134756026589723
1146 -3.6134756023944874
1147 -3.613475602394399
1148 -3.6134756023933314
1149 -3.613475602393206
1150 -3.613475602393206
1151 -3.613475602392459
1152 -3.613891014024579
1153 -3.6140335002143966
1154 -3.613939706936735
1155 -3.6138019193688624
1156 -3.613801919368774
1157 -3.6362442293366493
1158 -3.6362442293366493
1159 -3.6370920081777105
1160 -3.637092008177649
1161 -3.63709200799251
1162 -3.63709200799251
1163 -3.63709200799251
1164 -3.6376854531812532
1165 -3.6376854531812532
1166 -3.6376308095744343
1167 -3.637630809574373
1168 -3.637630809574373
1169 -3.63763080957385
1170 -3.637630809573807
1171 -3.637630809573807
1172 -3.637630809573807
1173 -3.637630809573807
1174 -3.6376308095734404
1175 -3.637630809573398
1176 -3.661093113711406
1177 -3.661093113711345
1178 -3.661093113711345
1179 -3.6615085253434647
1180 -3.6615085253434647
1181 -3.6613355092534516
1182 -3.661335509123855
1183 -3.661928954312597
1184 -3.661928954312567
1185 -3.6618899343496736
1186 -3.6617688230866654
1187 -3.661684045202559
1188 -3.6616183899081967
1189 -3.6616183899081967
1190 -3.6616183899081753
1191 -3.6616183899081753
1192 -3.6616183899081753
1193 -3.661618389908145
1194 -3.661618389908145
1195 -3.661618389908145
1196 -3.661618389908145
1197 -3.661618389908145
1198 -3.661618389908145
1199 -3.6616183899081025
1200 -3.6616183899081025
1201 -3.677328006885615
1202 -3.677328006885615
1203 -3.675960849601884
1204 -3.6923844624984903
1205 -3.6922865951762027
1206 -3.687603136339414
1207 -3.6878939244818985
1208 -3.6878939244818985
1209 -3.6878939244818985
1210 -3.6878939244818985
1211 -3.6878939244818985
1212 -3.6884873696706415
1213 -3.6884873696706415
1214 -3.6884873696706415
1215 -3.6884873696706415
1216 -3.6884873696706113
1217 -3.6889027813027315
1218 -3.688902781212013
1219 -3.6889027812119983
1220 -3.688902781211968
1221 -3.688902781211947
1222 -3.7003993102395714
1223 -3.7008147218716907
1224 -3.70081472187167
1225 -3.700814721871414
1226 -3.7008147218713994
1227 -3.7008147218713847
1228 -3.7008147218713847
1229 -3.700814721871374
1230 -3.7016625007124353
1231 -3.7016625007124353
1232 -3.701615772568261
1233 -3.701615772568251
1234 -3.70161577256823
1235 -3.70161577256823
1236 -3.7016157725682226
1237 -3.7016157725682155
1238 -3.701615772504713
1239 -3.701615772504713
1240 -3.701615772504713
1241 -3.701615772504713
1242 -3.7020311841368323
1243 -3.7019626770112315
1244 -3.7021662287109702
1245 -3.70216622871096
1246 -3.70216622871096
1247 -3.7021662287109556
1248 -3.702166228710776
1249 -3.7021662287106505
1250 -3.702166228710645
1251 -3.702166228710645
1252 -3.701209218612034
1253 -3.6979307974262823
1254 -3.6982215855687666
1255 -3.6982215855687666
1256 -3.6982215855687666
1257 -3.698221585568763
1258 -3.7062691558880996
1259 -3.7062691558880996
1260 -3.7068626010768426
1261 -3.7068626010768426
1262 -3.7068626010768426
1263 -3.706862601076755
1264 -3.7068626010766934
1265 -3.70686260107669
1266 -3.707005087266507
1267 -3.7070050872665
1268 -3.7071475734563175
1269 -3.7071475734563175
1270 -3.707147573456312
1271 -3.7071475734118597
1272 -3.7071475734118597
1273 -3.7071475734118575
1274 -3.707147573411854
1275 -3.707147573411854
1276 -3.7071475733807375
1277 -3.7071475733807375
1278 -3.7071475733807375
1279 -3.7071475733806944
1280 -3.7064776663116663
1281 -3.7064776663116645
1282 -3.7064776663116645
1283 -3.7064776663116645
1284 -3.706477666311663
1285 -3.706477666311661
1286 -3.7063549106117057
1287 -3.7063549106117057
1288 -3.7063549106117057
1289 -3.7063549106117057
1290 -3.7063549106117057
1291 -3.7064546509445773
1292 -3.7064546509445773
1293 -3.706454650922796
1294 -3.706454650907549
1295 -3.706454650907546
1296 -3.7064546509075442
1297 -3.7064546509075442
1298 -3.7064546509075442
1299 -3.7064546509075442
1300 -3.706454650896872
1301 -3.70645465089687
1302 -3.706454650896841
1303 -3.706454650896841
1304 -3.706454650896841
1305 -3.706454650896841
1306 -3.7064546508968395
1307 -3.7064546508968395
1308 -3.706454650896838
1309 -3.7065244691298482
1310 -3.706815257272332
1311 -3.706815257272332
1312 -3.706787381531535
1313 -3.7067873815315138
1314 -3.706787381524043
1315 -3.706787381524028
1316 -3.7069909332237665
1317 -3.707133419413584
1318 -3.707133419413583
1319 -3.707133419413583
1320 -3.707133419413583
1321 -3.707133419413583
1322 -3.707133419413583
1323 -3.707133419413583
1324 -3.707133419413583
1325 -3.7071334194135823
1326 -3.7074242075560666
1327 -3.7074242075508366
1328 -3.707523947883708
1329 -3.7075239478837076
1330 -3.7075239478837076
1331 -3.7075239478837076
1332 -3.7074646033648335
1333 -3.707564343697705
1334 -3.707564343697705
1335 -3.707564343694045
1336 -3.7075643436940435
1337 -3.7075643436940435
1338 -3.707564343694043
1339 -3.707564343694043
1340 -3.7075643436914802
1341 -3.7075643436914802
1342 -3.7074782594560554
1343 -3.713111558679591
1344 -3.7131115586777974
1345 -3.7131115586777974
1346 -3.7131115586777974
1347 -3.7131115586777974
1348 -3.7131115586777876
1349 -3.7131115586777876
1350 -3.7131115586777725
1351 -3.7131115586777654
1352 -3.713111558677765
1353 -3.7131115586777597
1354 -3.7131115586777597
1355 -3.713111558677759
1356 -3.7131115586765033
1357 -3.7131115586765033
1358 -3.7131115586765033
1359 -3.7131115586765033
1360 -3.7131115586765033
1361 -3.7131115586765033
1362 -3.7131115586756245
1363 -3.7131115586756245
1364 -3.712642623727305
1365 -3.712642623727304
1366 -3.712642623727304
1367 -3.712642623727304
1368 -3.712846175427043
1369 -3.712846175427043
1370 -3.712846175427043
1371 -3.71289504819015
1372 -3.71289504819015
1373 -3.7128950481901395
1374 -3.712895048190139
1375 -3.7129292591243144
1376 -3.7129292591243144
1377 -3.712929259124311
1378 -3.712999077357321
1379 -3.712999077357321
1380 -3.7239958092415795
1381 -3.7239958092415795
1382 -3.7239958092415795
1383 -3.7239958092415772
1384 -3.7239958092415772
1385 -3.7239626138441566
1386 -3.7239865614980796
1387 -3.7239865614980787
1388 -3.7239865614980787
1389 -3.7239865614980787
1390 -3.7239865614980716
1391 -3.7239865614980716
1392 -3.723986561498071
1393 -3.723926193861455
1394 -3.723926193861454
1395 -3.723926193861454
1396 -3.7239429572192004
1397 -3.7239429572192004
1398 -3.7239429572191987
1399 -3.7239429572191987
1400 -3.7239429572191987
1401 -3.7239429572191987
1402 -3.7239429572191987
1403 -3.7278862666756734
1404 -3.7278862666756734
1405 -3.7278862666756685
1406 -3.7279860070085404
1407 -3.7279860070085404
1408 -3.7279860070085404
1409 -3.7279860070085404
1410 -3.727986007008539
1411 -3.727986007008539
1412 -3.730746323628072
1413 -3.730746323628072
1414 -3.7307039902121666
1415 -3.730994778354651
1416 -3.7309651449635175
1417 -3.7309651449635175
1418 -3.7309651449635175
1419 -3.7309651449635175
1420 -3.7309651449635175
1421 -3.7309651449635175
1422 -3.7309651449635175
1423 -3.73094183211505
1424 -3.7309907048781565
1425 -3.7309907048781565
1426 -3.7309907048781565
1427 -3.7309907048775415
1428 -3.73099070487754
1429 -3.730974385883613
1430 -3.745640482517286
1431 -3.745640482517286
1432 -3.7456290592215367
1433 -3.7456290592215358
1434 -3.745698877454546
1435 -3.7456988774545454
1436 -3.745698877454542
1437 -3.745698877454542
1438 -3.7456988774541116
1439 -3.7456988774541116
1440 -3.7456988774541116
1441 -3.7559651450976825
1442 -3.7559651450976825
1443 -3.7559651450976825
1444 -3.755957148790658
1445 -3.7559571487903565
1446 -3.756160700490095
1447 -3.756160700490095
1448 -3.7558324460262713
1449 -3.7558324460262713
1450 -3.7558324460262713
1451 -3.7558324460262713
1452 -3.7558324460262713
1453 -3.7558324460262713
1454 -3.7558324460262704
1455 -3.7558117026524775
1456 -3.7558117026524775
1457 -3.755811702652475
1458 -3.755811702652475
1459 -3.755811702652475
1460 -3.755954188842292
1461 -3.7559541888420807
1462 -3.7559541888420807
1463 -3.7559541888420807
1464 -3.755724410717404
1465 -3.755724410717404
1466 -3.755724410717404
1467 -3.755758621651579
1468 -3.755758621651579
1469 -3.755758621651579
1470 -3.755758621651579
1471 -3.755782569305502
1472 -3.755782569305502
1473 -3.755782569305502
1474 -3.755782569305502
1475 -3.755782569305502
1476 -3.7629689566560014
1477 -3.7629689566560014
1478 -3.7631725083557406
1479 -3.7608776135257145
1480 -3.7608776135257145
1481 -3.7608776135257145
1482 -3.761081165225453
1483 -3.761081165225453
1484 -3.761081165225453
1485 -3.7815127525444345
1486 -3.7815127525444345
1487 -3.7815127525444345
1488 -3.7815127525444345
1489 -3.7815127525444345
1490 -3.7815127525444345
1491 -3.7815127525444345
1492 -3.7815127525444345
1493 -3.7815127525444345
1494 -3.7815127525444345
1495 -3.7815127525444345
1496 -3.7816552387342512
1497 -3.7816552387342504
1498 -3.7816552387342504
1499 -3.7816495880701417
1500 -3.781488743382868
1501 -3.781488743382868
1502 -3.781488743382868
1503 -3.781447202219656
1504 -3.781447202219656
1505 -3.781447202219656
1506 -3.781447202219656
1507 -3.781447202219656
1508 -3.781447202219656
1509 -3.781447202219656
1510 -3.781447202219656
1511 -3.781447202219656
1512 -3.7814472022196557
1513 -3.7814472022196557
1514 -3.7814472022196544
1515 -3.7814472022196544
1516 -3.7814472022195065
1517 -3.7814472022195065
1518 -3.7813985114772106
1519 -3.7813985114772106
1520 -3.7813985114772106
1521 -3.7813985114772106
1522 -3.78139851147721
1523 -3.78139851147721
1524 -3.78139851147721
1525 -3.781398511477107
1526 -3.781398511477107
1527 -3.7813985114770348
1528 -3.7814102458274568
1529 -3.7814102458274568
1530 -3.7812976545463646
1531 -3.7812188406496006
1532 -3.7811847571299935
1533 -3.7811701835191465
1534 -3.7811701835191465
1535 -3.7811701835191465
1536 -3.7811701835191465
1537 -3.7811701835191465
1538 -3.7811701835191465
1539 -3.781150496512985
1540 -3.781199369276093
1541 -3.7811891677484994
1542 -3.7811891677484994
1543 -3.7811891677484994
1544 -3.781189167748449
1545 -3.781189167748449
1546 -3.781189167748449
1547 -3.795133351393799
1548 -3.7951333513937633
1549 -3.7951333513937633
1550 -3.7951333513937633
1551 -3.7951333513937624
1552 -3.7951333513937624
1553 -3.7955487630258826
1554 -3.7955487630258826
1555 -3.7955487630258826
1556 -3.7955487630258826
1557 -3.7955655263836285
1558 -3.795565526383628
1559 -3.795856314526112
1560 -3.795890525460287
1561 -3.795890525460287
1562 -3.795890525460287
1563 -3.795890525460287
1564 -3.795890525460287
1565 -3.795890525460287
1566 -3.805651454012032
1567 -3.804045027631014
1568 -3.8040159488167653
1569 -3.8040159488167653
1570 -3.8040159488167653
1571 -3.8040159488167404
1572 -3.80401594881674
1573 -3.804115689149612
1574 -3.804185507382622
1575 -3.804185507382622
1576 -3.804185507382622
1577 -3.804161647865987
1578 -3.804161647865987
1579 -3.804161647865987
1580 -3.8043651995657264
1581 -3.8043651995657264
1582 -3.804365199565725
1583 -3.804365199565725
1584 -3.8043651995657086
1585 -3.8043448443957346
1586 -3.8043448443957346
1587 -3.8043448443957346
1588 -3.8043448443957217
1589 -3.8043448443957133
1590 -3.8043448443957133
1591 -3.804487330585531
1592 -3.804487330585531
1593 -3.804487330585531
1594 -3.804487330585531
1595 -3.804536203348638
1596 -3.804570414282813
1597 -3.804570414282813
1598 -3.804570414282813
1599 -3.80471290047263
1600 -3.8048126408055025
1601 -3.8048126408055025
1602 -3.8048126408055025
1603 -3.804912381138374
1604 -3.804912381138374
1605 -3.80492059518367
1606 -3.80492059518367
1607 -3.80492059518367
1608 -3.80492059518367
1609 -3.8049205951836638
1610 -3.8049205951836638
1611 -3.8049205951836638
1612 -3.8049323295340858
1613 -3.8049323295340858
1614 -3.8049323295340858
1615 -3.8049405435793813
1616 -3.8049405435793813
1617 -3.8049405435793813
1618 -3.8049365508400714
1619 -3.8049293724963227
1620 -3.8049265775788057
1621 -3.8049265775788057
1622 -3.8049265775788057
1623 -3.8049265775788057
1624 -3.8049265775788057
1625 -3.8049265775788013
1626 -3.8049963958118114
1627 -3.8050452685749185
1628 -3.8050452685749185
1629 -3.8050452685749185
1630 -3.8050452685749185
1631 -3.8118779185611404
1632 -3.8118779185611404
1633 -3.8118779185611404
1634 -3.8118779185611404
1635 -3.8118779185611404
1636 -3.8118779185611404
1637 -3.8118779185611404
1638 -3.8118779185611404
1639 -3.8118779185611404
1640 -3.811883668392847
1641 -3.811883668392847
1642 -3.811883668392847
1643 -3.811883668392847
1644 -3.811883668392847
1645 -3.811883668392847
1646 -3.811883668392847
1647 -3.811883668392847
1648 -3.807947794926134
1649 -3.807947794926134
1650 -3.807931092527452
1651 -3.807931092527452
1652 -3.8079291099930863
1653 -3.8079291099930863
1654 -3.8079291099930863
1655 -3.807998928226097
1656 -3.807998928226094
1657 -3.807998928226094
1658 -3.812781783216449
1659 -3.812781783216449
1660 -3.812781783216449
1661 -3.812781783216449
1662 -3.812781783216449
1663 -3.812781783216449
1664 -3.812781783216449
1665 -3.812781783216449
1666 -3.812781783216449
1667 -3.812781783216449
1668 -3.812781783216449
1669 -3.812781783216449
1670 -3.812781783216449
1671 -3.812805730870371
1672 -3.812805730870369
1673 -3.812805730870369
1674 -3.812805730870369
1675 -3.812805730870369
1676 -3.812805730870369
1677 -3.8128114807020754
1678 -3.8128114807020754
1679 -3.812799789022998
1680 -3.812799789022998
1681 -3.812799789022998
1682 -3.812799789022998
1683 -3.810044677596299
1684 -3.810044677596299
1685 -3.813392676089548
1686 -3.813416623743471
1687 -3.813416623743471
1688 -3.813416623743471
1689 -3.813416623743471
1690 -3.813416623743469
1691 -3.813416623743469
1692 -3.813416623743469
1693 -3.813416623743469
1694 -3.813416623743469
1695 -3.813416623743469
1696 -3.813416623743469
1697 -3.8135163640763405
1698 -3.8135163640763405
1699 -3.8135163640763405
1700 -3.8135163640763405
1701 -3.8135163640763405
1702 -3.8135163640763405
1703 -3.81351636407634
1704 -3.81351636407634
1705 -3.81351636407634
1706 -3.81351636407634
1707 -3.81351636407634
1708 -3.813516364076339
1709 -3.813516364076339
1710 -3.8135163640763388
1711 -3.813586182309349
1712 -3.813586182309349
1713 -3.8136560005423594
1714 -3.8136560005423594
1715 -3.8136560005423594
1716 -3.8136560005423594
1717 -3.8136560005423594
1718 -3.813656000542359
1719 -3.813656000542359
1720 -3.813656000542359
1721 -3.8136417519233774
1722 -3.8136906246864846
1723 -3.8136906246864846
1724 -3.8136906246864846
1725 -3.8136906246864846
1726 -3.8136906246864846
1727 -3.8136906246864846
1728 -3.836906448309771
1729 -3.836940659243947
1730 -3.836940659243947
1731 -3.836940659243947
1732 -3.836940659243947
1733 -3.836940659243947
1734 -3.836940659243947
1735 -3.836940659243947
1736 -3.836940659243947
1737 -3.836940659243947
1738 -3.836940659243947
1739 -3.836940659243947
1740 -3.8369748701781217
1741 -3.836966685486841
1742 -3.836966685486841
1743 -3.836966685486841
1744 -3.836966685486841
1745 -3.836966685486841
1746 -3.836966685486841
1747 -3.836956711453553
1748 -3.836956711453553
1749 -3.836956711453553
1750 -3.8363343054758183
1751 -3.8363343054758183
1752 -3.8363343054758183
1753 -3.8363343054758183
1754 -3.8363343054758183
1755 -3.8363343054758183
1756 -3.8363343054758183
1757 -3.8363343054758183
1758 -3.8363343054758183
1759 -3.8363343054758183
1760 -3.8363343054758183
1761 -3.8363343054758183
1762 -3.8363343054758183
1763 -3.8363343054758183
1764 -3.8363343054758183
1765 -3.8363343054758183
1766 -3.836338330358013
1767 -3.836338330358013
1768 -3.836338330358013
1769 -3.852589406894314
1770 -3.852589406894314
1771 -3.852589406894314
1772 -3.852589406894314
1773 -3.852589406894314
1774 -3.8517566573349
1775 -3.8517566573349
1776 -3.8517566573349
1777 -3.8517566573349
1778 -3.8517566573349
1779 -3.8517566573349
1780 -3.8517566573349
1781 -3.8517515664029776
1782 -3.851750138629726
1783 -3.851750138629726
1784 -3.8517669019874714
1785 -3.8517669019874714
1786 -3.8517669019874714
1787 -3.851770926869666
1788 -3.851819799632773
1789 -3.851819799632773
1790 -3.863195553208184
1791 -3.863195553208184
1792 -3.863195553208184
1793 -3.863195553208184
1794 -3.863195553208184
1795 -3.863195553208184
1796 -3.863191989555838
1797 -3.863191989555838
1798 -3.863191989555838
1799 -3.863191989555838
1800 -3.863191989555838
1801 -3.863240862318945
1802 -3.863243679736481
1803 -3.863243679736481
1804 -3.863243679736481
1805 -3.863229896165146
1806 -3.8632327135826827
1807 -3.8632327135826827
1808 -3.8632327135826823
1809 -3.871195741085469
1810 -3.871195741085469
1811 -3.871195741085469
1812 -3.871195741085469
1813 -3.871195741085469
1814 -3.871195741085469
1815 -3.871195741085469
1816 -3.871195741085469
1817 -3.8711900114404245
1818 -3.8711900114404245
1819 -3.8711900114404245
1820 -3.8711900114404245
1821 -3.8711900114404245
1822 -3.8711900114404245
1823 -3.8711900114404245
1824 -3.8711900114404245
1825 -3.8711900114404245
1826 -3.8711900114404245
1827 -3.8712242223746003
1828 -3.8712242223746003
1829 -3.8712242223746003
1830 -3.8712242223746003
1831 -3.8712242223746003
1832 -3.8712242223746003
1833 -3.8712242223746003
1834 -3.8712242223746003
1835 -3.8712242223746003
1836 -3.8712481700285224
1837 -3.8712823809626973
1838 -3.8712823809626973
1839 -3.8712823809626973
1840 -3.8712823809626973
1841 -3.8712823809626973
1842 -3.8713063286166203
1843 -3.8713063286166203
1844 -3.8713063286166203
1845 -3.871323091974366
1846 -3.871323091974366
1847 -3.871323091974366
1848 -3.871323091974366
1849 -3.871313443474431
1850 -3.871313443474431
1851 -3.871313443474431
1852 -3.871313443474431
1853 -3.871313443474431
1854 -3.871313443474431
1855 -3.871313443474431
1856 -3.8713109489177886
1857 -3.8713109489177886
1858 -3.871327712275535
1859 -3.871339446625957
1860 -3.8704785761718665
1861 -3.8704785761718665
1862 -3.8704785761718665
1863 -3.870490310522289
1864 -3.870490310522289
1865 -3.870490310522289
1866 -3.870490310522289
1867 -3.870490310522289
1868 -3.870490310522289
1869 -3.870490310522289
1870 -3.870490310522289
1871 -3.870490310522289
1872 -3.870490310522289
1873 -3.869887701204426
1874 -3.869885955014776
1875 -3.869885955014776
1876 -3.869885955014776
1877 -3.87222955396005
1878 -3.87222955396005
1879 -3.872231526152326
1880 -3.871809699629822
1881 -3.871809699629822
1882 -3.8718179136751174
1883 -3.8718179136751174
1884 -3.8718179136751174
1885 -3.8718179136751174
1886 -3.8718179136751174
1887 -3.871829648025539
1888 -3.871829648025539
1889 -3.871829648025539
1890 -3.871829648025539
1891 -3.871846411383285
1892 -3.871846411383285
1893 -3.871846411383285
1894 -3.871846411383285
1895 -3.8718483835755606
1896 -3.8718471549780915
1897 -3.8718462949598638
1898 -3.8718462949598638
1899 -3.8718462949598638
1900 -3.8718462949598638
1901 -3.8774204142118154
1902 -3.8774134323885145
1903 -3.8774134323885145
1904 -3.8774134323885145
1905 -3.8774134323885145
1906 -3.8774134323885145
1907 -3.8774134323885145
1908 -3.8774134323885145
1909 -3.8774134323885145
1910 -3.8774134323885145
1911 -3.8774134323885145
1912 -3.877409421384179
1913 -3.877409421384179
1914 -3.877409421384179
1915 -3.877409421384179
1916 -3.877409421384179
1917 -3.8774151712158864
1918 -3.8774151712158864
1919 -3.8774151712158864
1920 -3.877439118869809
1921 -3.877439118869809
1922 -3.877439118869809
1923 -3.877439118869809
1924 -3.877439118869809
1925 -3.877439118869809
1926 -3.877439118869809
1927 -3.877439118869809
1928 -3.877439118869809
1929 -3.877439118869809
1930 -3.8774630665237315
1931 -3.8776055527135487
1932 -3.8776055527135487
1933 -3.8776055527135487
1934 -3.8776055527135487
1935 -3.8776055527135487
1936 -3.8776055527135487
1937 -3.8776055527135487
1938 -3.8776055527135487
1939 -3.8776055527135487
1940 -3.8776055527135487
1941 -3.8776055527135487
1942 -3.8776055527135487
1943 -3.8776055527135487
1944 -3.8776055527135487
1945 -3.8776172870639702
1946 -3.877618667598563
1947 -3.877618667598563
1948 -3.877618667598563
1949 -3.877618667598563
1950 -3.877618667598563
1951 -3.877618667598563
1952 -3.8776226924807577
1953 -3.877621677170961
1954 -3.877621677170961
1955 -3.877621677170961
1956 -3.877621677170961
1957 -3.877621677170961
1958 -3.877621677170961
1959 -3.877621677170961
1960 -3.877621677170961
1961 -3.877621677170961
1962 -3.877623057705554
1963 -3.8776398210633
1964 -3.8776398210633
1965 -3.8776349337869895
1966 -3.877646668137411
1967 -3.877646668137411
1968 -3.8792871873991026
1969 -3.879284379696068
1970 -3.879284379696068
1971 -3.879284379696068
1972 -3.879284379696068
1973 -3.879284379696068
1974 -3.879284379696068
1975 -3.879284379696068
1976 -3.879284379696068
1977 -3.879284379696068
1978 -3.879284379696068
1979 -3.879284379696068
1980 -3.879284379696068
1981 -3.879284379696068
1982 -3.879284379696068
1983 -3.879285346070283
1984 -3.879293560115578
1985 -3.879293560115578
1986 -3.879293560115578
1987 -3.879301774160874
1988 -3.879301774160874
1989 -3.879301774160874
1990 -3.879301774160874
1991 -3.879301774160874
1992 -3.879301774160874
1993 -3.879301774160874
1994 -3.879301774160874
1995 -3.879301774160874
1996 -3.879301774160874
1997 -3.879301774160874
1998 -3.8793011625443072
1999 -3.8793011625443072
