0 0.0
1 -0.125
2 -0.13749999999999998
3 -0.13749999999999998
4 -0.125
5 0.0
6 0.012499999999999999
7 -0.1125
8 -0.1125
9 -0.1125
10 -0.1125
11 -0.125
12 -0.125
13 -0.13749999999999998
14 -0.125
15 -0.037500000000000006
16 -0.049999999999999996
17 -0.037500000000000006
18 -0.028750000000000008
19 -0.028750000000000008
20 -0.028750000000000008
21 -0.028750000000000008
22 -0.028750000000000008
23 -0.016250000000000014
24 -0.016250000000000014
25 -0.016250000000000014
26 -0.016250000000000014
27 -0.14125000000000001
28 -0.08000000000000003
29 -0.08000000000000003
30 -0.037125000000000026
31 -0.031000000000000028
32 -0.022250000000000065
33 -0.016125000000000056
34 -0.011837500000000056
35 -0.011837500000000056
36 -0.008836250000000065
37 -8.625000000002843e-05
38 -0.008836250000000026
39 -0.008836250000000026
40 -0.13383625000000002
41 -0.13383625000000002
42 -0.13383625000000002
43 -0.12771125000000003
44 -0.12561037500000002
45 -0.09559787499999998
46 -0.09559787499999998
47 -0.09559787499999998
48 -0.09559787499999998
49 -0.09559787499999998
50 -0.08684787500000002
51 -0.08684787500000002
52 -0.08684787500000002
53 -0.08684787500000002
54 -0.065839125
55 -0.051132999999999984
56 -0.051132999999999984
57 -0.051132999999999984
58 -0.051132999999999984
59 -0.13863299999999998
60 -0.13863299999999998
61 -0.13863299999999998
62 -0.13863299999999998
63 -0.13434549999999998
64 -0.25934549999999995
65 -0.24905121249999998
66 -0.33655121249999986
67 -0.33655121249999986
68 -0.33508059999999995
69 -0.33508059999999995
70 -0.3307931
71 -0.4182930999999999
72 -0.4182930999999999
73 -0.41529185
74 -0.40654185
75 -0.41904185
76 -0.42516684999999993
77 -0.42516684999999993
78 -0.42516684999999993
79 -0.55016685
80 -0.55016685
81 -0.54296084875
82 -0.5419314199999999
83 -0.60318142
84 -0.6119314199999999
85 -0.6119314199999999
86 -0.6119314199999999
87 -0.6098305449999999
88 -0.6047863441249999
89 -0.6139113441249998
90 -0.6103804035124999
91 -0.6103804035124999
92 -0.6042554035125
93 -0.6042554035125
94 -0.6042554035125
95 -0.6042554035125
96 -0.7292554035125
97 -0.8167554035125001
98 -0.81428374508375
99 -0.81428374508375
100 -0.8081587450837499
101 -0.9331587450837496
102 -0.9316881325837496
103 -0.9316881325837496
104 -0.9316881325837496
105 -0.9306587038337497
106 -0.9306587038337497
107 -0.9289285429336248
108 -0.941428542933625
109 -1.066428542933625
110 -1.066428542933625
111 -1.066428542933625
112 -1.062141042933625
113 -1.062141042933625
114 -1.062141042933625
115 -1.1050160429336249
116 -1.1050160429336249
117 -1.166266042933625
118 -1.166266042933625
119 -1.165545442808625
120 -1.168557942808625
121 -1.165556692808625
122 -1.1625554428086249
123 -1.192567942808625
124 -1.1913568301785376
125 -1.2001068301785376
126 -1.1993862300535376
127 -1.1993862300535376
128 -1.1993862300535376
129 -1.1993862300535376
130 -1.1993862300535376
131 -1.1972853550535376
132 -1.1972853550535376
133 -1.1929978550535376
134 -1.1929978550535376
135 -1.1915272425535377
136 -1.1915272425535377
137 -1.1915272425535377
138 -1.1915272425535377
139 -1.2790272425535376
140 -1.2665272425535379
141 -1.2577772425535378
142 -1.3452772425535378
143 -1.3431763675535378
144 -1.3431763675535378
145 -1.3431763675535378
146 -1.4044263675535378
147 -1.4035785887124765
148 -1.4035785887124765
149 -1.4030741686249764
150 -1.4024807234362335
151 -1.4024807234362335
152 -1.4024807234362335
153 -1.4024807234362335
154 -1.4014512946862334
155 -1.3999806821862337
156 -1.3999806821862337
157 -1.3995652705541135
158 -1.3965640205541134
159 -1.3944631455541134
160 -1.3941100514928635
161 -1.3983975514928637
162 -1.3983975514928637
163 -1.3983975514928637
164 -1.4071475514928637
165 -1.4071475514928637
166 -1.4071475514928637
167 -1.4064269513678636
168 -1.4064269513678636
169 -1.4064269513678636
170 -1.4087982013678635
171 -1.4700482013678633
172 -1.4697574132253794
173 -1.5310074132253793
174 -1.5310074132253793
175 -1.6185074132253794
176 -1.6170368007253793
177 -1.6261618007253793
178 -1.6261618007253793
179 -1.6261618007253793
180 -1.6256573806378791
181 -1.6254538289381404
182 -1.6254538289381404
183 -1.7129538289381403
184 -1.7129538289381403
185 -1.7126007348768901
186 -1.7126007348768901
187 -1.7554757348768903
188 -1.7553332486870732
189 -1.7553332486870732
190 -1.754828828599573
191 -1.760953828599573
192 -1.760953828599573
193 -1.8038288285995734
194 -1.8038288285995734
195 -1.8038288285995734
196 -1.8038288285995734
197 -1.8650788285995734
198 -1.8640493998495729
199 -1.8657092748495732
200 -1.9085842748495736
201 -1.9075548460995737
202 -1.9075548460995737
203 -1.9075548460995737
204 -1.9074551057667015
205 -1.906734505641701
206 -1.9064873397988265
207 -1.9063143237088138
208 -1.9063143237088138
209 -1.9060671578659385
210 -1.9060671578659385
211 -1.9489421578659385
212 -1.9484377377784383
213 -1.9484377377784383
214 -1.9484377377784383
215 -1.9784502377784385
216 -1.9845752377784385
217 -1.9845752377784385
218 -1.9842221437171885
219 -1.9839749778743132
220 -1.9838019617843008
221 -1.9838019617843008
222 -1.9838019617843008
223 -1.9838019617843008
224 -1.9836289456942884
225 -2.013641445694288
226 -2.0135203344312798
227 -2.013450516198269
228 -2.013401643435162
229 -2.013316865551056
230 -2.013316865551056
231 -2.074566865551056
232 -2.0745326546168807
233 -2.074411543353872
234 -2.070021543353872
235 -2.070021543353872
236 -2.074309043353872
237 -2.074224265469766
238 -2.074224265469766
239 -2.074224265469766
240 -2.074224265469766
241 -2.080349265469766
242 -2.080349265469766
243 -2.080289920950892
244 -2.080168809687883
245 -2.080168809687883
246 -2.080168809687883
247 -2.080127268524671
248 -2.080042490640565
249 -2.0799831461216907
250 -2.0799831461216907
251 -2.0799831461216907
252 -2.0799831461216907
253 -2.0799831461216907
254 -2.167483146121691
255 -2.167483146121691
256 -2.167441604958479
257 -2.188450354958479
258 -2.209459104958479
259 -2.209106010897229
260 -2.209106010897229
261 -2.2090466663783546
262 -2.2090227187244325
263 -2.20898117756122
264 -2.20898117756122
265 -2.20898117756122
266 -2.20898117756122
267 -2.2082785525612203
268 -2.2075579524362205
269 -2.207528873621972
270 -2.207528873621972
271 -2.211816373621972
272 -2.211816373621972
273 -2.2117996102642263
274 -2.2117996102642263
275 -2.2117996102642263
276 -2.214800860264226
277 -2.214296440176726
278 -2.214296440176726
279 -2.275546440176726
280 -2.275526085006752
281 -2.275526085006752
282 -2.2755118363877704
283 -2.2752646705448956
284 -2.275091654454883
285 -2.275095941954883
286 -2.289802066954883
287 -2.291902941954883
288 -2.306609066954883
289 -2.315359066954883
290 -2.345371566954883
291 -2.341140941954883
292 -2.341140941954883
293 -2.341140941954883
294 -2.341130967921596
295 -2.341130967921596
296 -2.341130967921596
297 -2.341130967921596
298 -2.341130967921596
299 -2.3411018891073474
300 -2.3411018891073474
301 -2.3410901547569254
302 -2.341061075942677
303 -2.341061075942677
304 -2.341061075942677
305 -2.341061075942677
306 -2.341040720772703
307 -2.3410203656027293
308 -2.3410203656027293
309 -2.3408992543397207
310 -2.3408992543397207
311 -2.3408144764556145
312 -2.3408144764556145
313 -2.34075513193674
314 -2.34040203787549
315 -2.340393823830195
316 -2.340393823830195
317 -2.383268823830195
318 -2.383268823830195
319 -2.3893938238301944
320 -2.3893938238301944
321 -2.3891466579873195
322 -2.389132409368338
323 -2.389132409368338
324 -2.389132409368338
325 -2.389132409368338
326 -2.389125427545037
327 -2.38911967771333
328 -2.38911967771333
329 -2.38911967771333
330 -2.3889466616233173
331 -2.4501966616233175
332 -2.4501917743470067
333 -2.4501917743470067
334 -2.4501775257280247
335 -2.4501775257280247
336 -2.4930525257280247
337 -2.4960537757280243
338 -2.4960537757280243
339 -2.4960537757280243
340 -2.4959326644650157
341 -2.4959292433715983
342 -2.4958877022083863
343 -2.4953958647083865
344 -2.495391839826192
345 -2.4953627610119433
346 -2.4953627610119433
347 -2.4953627610119433
348 -2.4953527869786565
349 -2.4953527869786565
350 -2.4953527869786565
351 -2.495342812945369
352 -2.525355312945369
353 -2.525355312945369
354 -2.568230312945369
355 -2.5682279181799763
356 -2.5696985306799767
357 -2.5696985306799767
358 -2.569691548856676
359 -2.569691548856676
360 -2.569691548856676
361 -2.569691548856676
362 -2.5997040488566756
363 -2.5997040488566756
364 -2.599699161580365
365 -2.599699161580365
366 -2.599699161580365
367 -2.5996974852445907
368 -2.6297099852445904
369 -2.6297030034212896
370 -2.6297030034212896
371 -2.6507117534212896
372 -2.6507105799862476
373 -2.6507077625687114
374 -2.6507028752924007
375 -2.6507028752924007
376 -2.6507028752924007
377 -2.6609971627924005
378 -2.6609971627924005
379 -2.6609951906001252
380 -2.660910412716019
381 -2.660890057546045
382 -2.660890057546045
383 -2.660830713027171
384 -2.6607891718639585
385 -2.6596345481139587
386 -2.6596311270205413
387 -2.659627705927124
388 -2.659627705927124
389 -2.659627705927124
390 -2.659627705927124
391 -2.680636455927124
392 -2.6806073771128758
393 -2.6806073771128758
394 -2.680593128493894
395 -2.680593128493894
396 -2.680593128493894
397 -2.676821353493894
398 -2.67680099832392
399 -2.6772042858239202
400 -2.67748658707392
401 -2.6774857656693904
402 -2.6774715170504084
403 -2.6785009458004083
404 -2.6785009458004083
405 -2.6784909717671215
406 -2.6784839899438206
407 -2.6784815951784275
408 -2.6931877201784276
409 -2.693186339643835
410 -2.693183944878442
411 -2.693183944878442
412 -2.693173970845155
413 -2.7034682583451555
414 -2.7034682583451555
415 -2.710674259595155
416 -2.710871870470155
417 -2.7108709040959407
418 -2.7108660168196295
419 -2.7108660168196295
420 -2.7108643404838553
421 -2.7108643404838553
422 -2.7108636640219044
423 -2.7110019916344044
424 -2.7110019916344044
425 -2.7110014166512335
426 -2.7110014166512335
427 -2.7110982459799833
428 -2.7110982459799833
429 -2.7110982459799833
430 -2.711094824886566
431 -2.721389112386566
432 -2.7514016123865663
433 -2.7514016123865663
434 -2.7514016123865663
435 -2.7514016123865663
436 -2.7513999360507917
437 -2.7513999360507917
438 -2.7513999360507917
439 -2.7513999360507917
440 -2.7513975412853995
441 -2.7513975412853995
442 -2.7513975412853995
443 -2.7513971387971803
444 -2.7513971387971803
445 -2.7513971387971803
446 -2.7513966652738144
447 -2.7513949889380402
448 -2.7513949889380402
449 -2.751393815502998
450 -2.751393484036642
451 -2.7513923106016
452 -2.7513923106016
453 -2.7513923106016
454 -2.7513923106016
455 -2.7513911371665576
456 -2.7513911371665576
457 -2.7513911371665576
458 -2.7513903157620283
459 -2.751389740778858
460 -2.751388919374328
461 -2.772397669374328
462 -2.810243269499328
463 -2.810243269499328
464 -2.810243269499328
465 -2.817449270749328
466 -2.822493471624328
467 -2.843502221624328
468 -2.845603096624328
469 -2.845603096624328
470 -2.845603096624328
471 -2.887015596624328
472 -2.887008614801027
473 -2.887008614801027
474 -2.887008614801027
475 -2.887008614801027
476 -2.894214616051027
477 -2.894214616051027
478 -2.894214616051027
479 -2.920706536138527
480 -2.920706536138527
481 -2.9221771486385273
482 -2.9407214926997773
483 -2.9407214926997773
484 -2.9442524333122773
485 -2.9442524333122773
486 -2.9652611833122773
487 -2.9652611833122773
488 -2.9652609015705234
489 -2.965260326587353
490 -2.9652601293681253
491 -2.9661726293681245
492 -2.9661722268799053
493 -2.9661714054753756
494 -2.9951601554753755
495 -2.995159923448927
496 -2.989034923448927
497 -3.010043673448927
498 -3.010043673448927
499 -3.0100432709607077
500 -3.0303353959607073
501 -3.030334820977537
502 -3.030334820977537
503 -3.030334820977537
504 -3.030334820977537
505 -3.0303345392357834
506 -3.026047039235783
507 -3.0260469011823243
508 -3.0260468045449027
509 -3.0260419172685915
510 -3.0260419172685915
511 -3.0260419172685915
512 -3.0407480422685915
513 -3.0407480422685915
514 -3.0385029962223418
515 -3.053209121222342
516 -3.053209121222342
517 -3.053208924003114
518 -3.053208924003114
519 -3.053208924003114
520 -3.053208924003114
521 -3.053208924003114
522 -3.053208924003114
523 -3.053208924003114
524 -3.0532055029096967
525 -3.0674099904096965
526 -3.0674099904096965
527 -3.0674075956443043
528 -3.0821137206443043
529 -3.092408008144304
530 -3.107114133144304
531 -3.107114133144304
532 -3.1071124568085295
533 -3.1071122943900154
534 -3.1071122943900154
535 -3.1071122943900154
536 -3.1071122943900154
537 -3.1071122943900154
538 -3.1200933352328906
539 -3.1251375361078906
540 -3.1354318236078904
541 -3.1354316855544315
542 -3.1354316179082367
543 -3.1354315042152767
544 -3.135431407577855
545 -3.1354313279927832
546 -3.138962268605283
547 -3.138962268605283
548 -3.138962268605283
549 -3.1389622212529464
550 -3.141433879681697
551 -3.141433879681697
552 -3.141433879681697
553 -3.141433879681697
554 -3.1414338239721467
555 -3.1414334214839266
556 -3.141433382487241
557 -3.141433382487241
558 -3.141432209052199
559 -3.1414319273104456
560 -3.14143189416381
561 -3.14143189416381
562 -3.1414316969445824
563 -3.141431415202829
564 -3.1414313879051488
565 -3.1414313879051488
566 -3.1414313879051488
567 -3.1414313879051488
568 -3.1414313879051488
569 -3.141430566500619
570 -3.141430543297974
571 -3.141430543297974
572 -3.1414299683148035
573 -3.1414299683148035
574 -3.1414299683148035
575 -3.1414299492064277
576 -3.1414297519872
577 -3.1414296843410052
578 -3.1414296843410052
579 -3.141429668099154
580 -3.141429530045695
581 -3.141429530045695
582 -3.156135655045695
583 -3.1567744050456947
584 -3.1567744050456947
585 -3.1567744050456947
586 -3.1567744050456947
587 -3.1567744050456947
588 -3.156774391669831
589 -3.1543940525749563
590 -3.1543940525749563
591 -3.1543940525749563
592 -3.1543940052226205
593 -3.1543940052226205
594 -3.1972690052226205
595 -3.1972690052226205
596 -3.197268867169161
597 -3.197268867169161
598 -3.1972688557998654
599 -3.1972688464367613
600 -3.1972687497993397
601 -3.2072118910493397
602 -3.207211857902704
603 -3.207211857902704
604 -3.2060373910453293
605 -3.2060373910453293
606 -3.2042090835048023
607 -3.204208681016583
608 -3.204208673058076
609 -3.204208673058076
610 -3.204208673058076
611 -3.2042086054118806
612 -3.2042086054118806
613 -3.204208508774459
614 -3.2042085032035037
615 -3.2342210032035044
616 -3.2342209558511676
617 -3.2342209558511676
618 -3.2342209558511676
619 -3.2342206741094137
620 -3.2342206741094137
621 -3.2342206675552405
622 -3.2342206675552405
623 -3.2342206636555724
624 -3.2445149511555726
625 -3.2445149511555726
626 -3.2445149511555726
627 -3.2445149511555726
628 -3.2445149279529275
629 -3.2436928011527653
630 -3.243692796564844
631 -3.2436925993456165
632 -3.246164257774367
633 -3.2533702590243667
634 -3.2533702590243667
635 -3.253370120970908
636 -3.26245684956092
637 -3.26245684956092
638 -3.2624568463493753
639 -3.2641870072495003
640 -3.2646341322495007
641 -3.2646341322495007
642 -3.2718401334995004
643 -3.2788003323745
644 -3.2788003323745
645 -3.2998090823745
646 -3.2998090823745
647 -3.2998090823745
648 -3.2998090823745
649 -3.3046812215870003
650 -3.3046812215870003
651 -3.303911170793137
652 -3.303911168545055
653 -3.311117169795055
654 -3.3111171682213985
655 -3.311117135074763
656 -3.311117133973203
657 -3.311117110770558
658 -3.3111171080407895
659 -3.311117106129952
660 -3.31111710535886
661 -3.311117037712665
662 -3.3111170214708134
663 -3.3111169741184767
664 -3.3111169741184767
665 -3.3111169578766257
666 -3.3111169578766257
667 -3.3111169578766257
668 -3.311116861239204
669 -3.3098370459608355
670 -3.3098370128142
671 -3.3098370128142
672 -3.3161977228272086
673 -3.3161976551810137
674 -3.3161976319783686
675 -3.3161976319783686
676 -3.3212418328533686
677 -3.3212418328533686
678 -3.3212418214840724
679 -3.3212418214840724
680 -3.3212418214840724
681 -3.3212418135255657
682 -3.3212418121879796
683 -3.321241764835643
684 -3.3246522622843924
685 -3.324652261744628
686 -3.329696462619628
687 -3.329696462619628
688 -3.329696451250332
689 -3.327826655420219
690 -3.324825405420219
691 -3.324825389178367
692 -3.324825389178367
693 -3.3248253836074118
694 -3.3248253836074118
695 -3.3248253836074118
696 -3.3248253836074118
697 -3.324825382671101
698 -3.324825382671101
699 -3.324825382671101
700 -3.324825382671101
701 -3.3248253495244655
702 -3.32482533815517
703 -3.32482533815517
704 -3.324825337777335
705 -3.3248253298188275
706 -3.3248253298188275
707 -3.3248253298188275
708 -3.3298695306938275
709 -3.3298695227353203
710 -3.3298695227353203
711 -3.3298694995326756
712 -3.3298694995326756
713 -3.3298694995326756
714 -3.3277686245326756
715 -3.3277686245326756
716 -3.327768624268191
717 -3.327768624268191
718 -3.327768624268191
719 -3.32776860802634
720 -3.32776860802634
721 -3.3277686078412003
722 -3.3277686078412003
723 -3.3277686071857833
724 -3.328979719815871
725 -3.3289797193570787
726 -3.3392740068570785
727 -3.341661355071204
728 -3.351955642571204
729 -3.351955637000249
730 -3.3519556314292935
731 -3.3519556275296254
732 -3.3519556236299572
733 -3.3506000522045745
734 -3.357806053454574
735 -3.357806050724806
736 -3.357806050724806
737 -3.3650120519748064
738 -3.3685429925873063
739 -3.3735871934623063
740 -3.3735871933327086
741 -3.3735871933327086
742 -3.3735871906029407
743 -3.373587190281786
744 -3.373587190281786
745 -3.3760588487105365
746 -3.3907649737105365
747 -3.3907649734857284
748 -3.3907649734857284
749 -3.39076497339501
750 -3.3907649694953412
751 -3.3958091703703412
752 -3.3958091684595035
753 -3.3958091684595035
754 -3.3958091684595035
755 -3.3958091570902074
756 -3.3958091570267044
757 -3.395809156982253
758 -3.395809156982253
759 -3.395809156982253
760 -3.396656935823314
761 -3.3966569356659484
762 -3.3966569356659484
763 -3.3966569355557925
764 -3.396969923055792
765 -3.396969923055792
766 -3.3969699211449544
767 -3.3969699211449544
768 -3.3969699211449544
769 -3.3969699211449544
770 -3.396969921113838
771 -3.396969921113838
772 -3.3969699210920568
773 -3.3969699210920568
774 -3.3969699210149478
775 -3.3969699210149478
776 -3.3969699209609714
777 -3.4005008615734713
778 -3.4005008615582244
779 -3.400500861547551
780 -3.4005008602099647
781 -3.4040318008224646
782 -3.4040318008224646
783 -3.3997232200810523
784 -3.3997232200810523
785 -3.3997232200810523
786 -3.399723212122545
787 -3.399723212122545
788 -3.3989526477466785
789 -3.3989526477392076
790 -3.3989526477014245
791 -3.4006828086015495
792 -3.4006828030305942
793 -3.4006828003008263
794 -3.399212187800826
795 -3.399805632989569
796 -3.399805632989569
797 -3.399805632989569
798 -3.3998056329843394
799 -3.3998056329843394
800 -3.4022772914130894
801 -3.4022772914130894
802 -3.4022772914130894
803 -3.4022772914130894
804 -3.4022772914130894
805 -3.4022772914130894
806 -3.4022772914130894
807 -3.4024963826630894
808 -3.4024963813255034
809 -3.404226542225628
810 -3.404226542225628
811 -3.4012105357066393
812 -3.4016259473387596
813 -3.4017793112137595
814 -3.4017793112137595
815 -3.4017793102774494
816 -3.401886664989949
817 -3.4030977776200366
818 -3.4030977776200366
819 -3.4030977776163756
820 -3.4030977776163756
821 -3.403097777589927
822 -3.403097777589927
823 -3.403097777589927
824 -3.4048279384900515
825 -3.4048279384900515
826 -3.4092804354991575
827 -3.4092804354991575
828 -3.4087410404360505
829 -3.4087410404360505
830 -3.40874103949974
831 -3.408741037588903
832 -3.408741036251316
833 -3.408741035595899
834 -3.413785236470899
835 -3.413340925149148
836 -3.4133409251306346
837 -3.4133409251306346
838 -3.4133409251306346
839 -3.413340924194324
840 -3.423635211694324
841 -3.423635211694324
842 -3.4226034824926717
843 -3.4226034824926717
844 -3.4226034824926717
845 -3.422603482490109
846 -3.4226034818346913
847 -3.4226786301334413
848 -3.4226786301316476
849 -3.4226786301316476
850 -3.4226786301316476
851 -3.423889742761735
852 -3.4310957440117353
853 -3.4310957433563183
854 -3.431095742897526
855 -3.431095742438734
856 -3.431095742438734
857 -3.4310957421175794
858 -3.4310957421163235
859 -3.4310957416575314
860 -3.4310957416575314
861 -3.4310957416575314
862 -3.4310957416575314
863 -3.431095741644572
864 -3.4310957413234173
865 -3.431095741098609
866 -3.431095741098609
867 -3.431095741098609
868 -3.431095741098609
869 -3.4310957407774545
870 -3.4288710870922827
871 -3.4288710870922827
872 -3.428871087083211
873 -3.4288710868584027
874 -3.428871086701037
875 -3.4278456724579915
876 -3.4278456724579915
877 -3.4278456724579915
878 -3.4278456724579915
879 -3.428693451299053
880 -3.428693451188897
881 -3.428693451188897
882 -3.428693451188897
883 -3.429541230029958
884 -3.429541230029958
885 -3.4295412299528487
886 -3.4295412298988723
887 -3.4295412298988723
888 -3.4312123736487603
889 -3.4312123734913946
890 -3.431212369591726
891 -3.431212369591726
892 -3.431212369591726
893 -3.4312123695853756
894 -3.4288667983353758
895 -3.428866798334497
896 -3.428866798334497
897 -3.4323977389469973
898 -3.4323977362172293
899 -3.4335675368421508
900 -3.4335675368421508
901 -3.4335675368377054
902 -3.4335675368377054
903 -3.4335675368377054
904 -3.4335675368377054
905 -3.4325381080877055
906 -3.4325381080877055
907 -3.431815897646549
908 -3.431098107676417
909 -3.4305956546973246
910 -3.434126595309825
911 -3.435337707939912
912 -3.4349859908545475
913 -3.4349859908545475
914 -3.4349859908167644
915 -3.4349859907903153
916 -3.4349859905655076
917 -3.434985990408142
918 -3.434985990408142
919 -3.4349859902979856
920 -3.4349859902979856
921 -3.4349859902973705
922 -3.4349859902973705
923 -3.434985990220261
924 -3.4349859883094234
925 -3.4349859883094234
926 -3.4344670938248734
927 -3.4635713417312477
928 -3.4635713417312477
929 -3.4635713417312477
930 -3.463571341728136
931 -3.463571341728136
932 -3.463623945537261
933 -3.466095603966011
934 -3.466095603966011
935 -3.4656822816267607
936 -3.4656822816267607
937 -3.4656822816263304
938 -3.4656822816263304
939 -3.4656822816263304
940 -3.4656822816263304
941 -3.4656822816263304
942 -3.4656822816078168
943 -3.465682281594857
944 -3.465682281585785
945 -3.465682281585785
946 -3.465682281579435
947 -3.465682281579435
948 -3.465682281579133
949 -3.465682281579133
950 -3.465682281579133
951 -3.465682281579133
952 -3.465682281579133
953 -3.465682281574688
954 -3.465682281520712
955 -3.465682281520712
956 -3.465682281410556
957 -3.4681539398393055
958 -3.468153939836194
959 -3.468153939836194
960 -3.468153939834016
961 -3.4681539397569066
962 -3.468190762423294
963 -3.468190762423294
964 -3.4678236891569845
965 -3.4678236891567735
966 -3.4678236878191875
967 -3.4678236877652107
968 -3.467823687763032
969 -3.467823687763032
970 -3.467566736476615
971 -3.4675667364750904
972 -3.4692968973752154
973 -3.471027058275341
974 -3.471027058275341
975 -3.471027058275341
976 -3.471027058275341
977 -3.471027058275341
978 -3.471027058273816
979 -3.476071259148816
980 -3.476071258212506
981 -3.4760712582114386
982 -3.4760712582106916
983 -3.4744584105613505
984 -3.4744584105613505
985 -3.4744584105613505
986 -3.4744584105613505
987 -3.475669523191438
988 -3.475669523191438
989 -3.5024758836288825
990 -3.50247588362836
991 -3.50247588362836
992 -3.502475883590576
993 -3.502475883590576
994 -3.5049475420193263
995 -3.5049475420189595
996 -3.5049475420189595
997 -3.5049475419811764
998 -3.5049475419810285
999 -3.5049475419810285
1000 -3.5253205155154905
1001 -3.525140649614999
1002 -3.5286715902274994
1003 -3.5286715902274994
1004 -3.5286715895720815
1005 -3.5286715895720815
1006 -3.5292650347608245
1007 -3.5292650347608245
1008 -3.5292650347605683
1009 -3.529265034760465
1010 -3.5292650347340158
1011 -3.5292650347338363
1012 -3.5292650347338363
1013 -3.529265034707388
1014 -3.529265034707263
1015 -3.529265034707263
1016 -3.529265034248471
1017 -3.5292650342299563
1018 -3.5292650339088016
1019 -3.5252606340338013
1020 -3.5256760456659215
1021 -3.5256760456529626
1022 -3.52567604565289
1023 -3.52567604565289
1024 -3.52567604565289
1025 -3.52814770408164
1026 -3.528438492224124
1027 -3.5284384922150522
1028 -3.5284384922150522
1029 -3.5284384922150522
1030 -3.528438492215001
1031 -3.5284384922149656
1032 -3.5284384922149656
1033 -3.528438491990158
1034 -3.5284384919838074
1035 -3.528133143326236
1036 -3.5283366950259754
1037 -3.5283366950259505
1038 -3.5283366950259327
1039 -3.5283366950248656
1040 -3.5283366950248656
1041 -3.5283366950248656
1042 -3.5283366950248656
1043 -3.5283366950248656
1044 -3.5283366950248536
1045 -3.5300668559249786
1046 -3.5300668559249697
1047 -3.5300668559249697
1048 -3.530066855924964
1049 -3.5302093421147815
1050 -3.530209342110336
1051 -3.5302093419529705
1052 -3.530235117819442
1053 -3.530235117819442
1054 -3.527432037906942
1055 -3.527432037906942
1056 -3.527432037906942
1057 -3.527432037888428
1058 -3.5286431505185156
1059 -3.5286431505185156
1060 -3.5286431505185156
1061 -3.5279225503935154
1062 -3.527922550393511
1063 -3.5279225503935083
1064 -3.5276545760496085
1065 -3.5276545760496085
1066 -3.5274669940088796
1067 -3.5274669940088796
1068 -3.527336509797257
1069 -3.527336509687101
1070 -3.527336509674141
1071 -3.5273365095970317
1072 -3.5273365095969442
1073 -3.5273365095968825
1074 -3.530867450209383
1075 -3.5308674502093393
1076 -3.5308674502093393
1077 -3.5297112177206373
1078 -3.5303046629093804
1079 -3.5303046629093804
1080 -3.5303046629003085
1081 -3.5303046628995616
1082 -3.5303046628990384
1083 -3.530213323950903
1084 -3.530213323950537
1085 -3.530213323950537
1086 -3.5302133239505067
1087 -3.529403961208415
1088 -3.530251740049476
1089 -3.530251740046364
1090 -3.530251740046364
1091 -3.5445128215204877
1092 -3.5445128215204877
1093 -3.5445128215204877
1094 -3.5442878613461204
1095 -3.54428786133977
1096 -3.544287861339768
1097 -3.5442878613353233
1098 -3.5467595197640733
1099 -3.546759519764052
1100 -3.546759519764052
1101 -3.546759519764052
1102 -3.5467595197640374
1103 -3.544797363825287
1104 -3.5446660563967765
1105 -3.5446660563967765
1106 -3.544666056396775
1107 -3.544666056393664
1108 -3.5446660563396866
1109 -3.5446660563375083
1110 -3.544666056337252
1111 -3.544666056335727
1112 -3.5446660563357173
1113 -3.544666056297934
1114 -3.5446660562977548
1115 -3.5446660562977534
1116 -3.544572821533192
1117 -3.5457839341632797
1118 -3.5645483864694913
1119 -3.564548386467313
1120 -3.564548386467313
1121 -3.564548386440864
1122 -3.564548386440864
1123 -3.564548386440864
1124 -3.564548386440864
1125 -3.565396165281925
1126 -3.565396165281925
1127 -3.5653961652808577
1128 -3.5653961652793336
1129 -3.5653961652793256
1130 -3.5653961652792
1131 -3.5653961652792
1132 -3.5653961652792
1133 -3.5653961652792
1134 -3.5653961652792
1135 -3.5653961652792
1136 -3.5653961652792
1137 -3.5654959056120723
1138 -3.5654959056120723
1139 -3.57863102222642
1140 -3.5786310222253523
1141 -3.5786310222246054
1142 -3.5786310222246054
1143 -3.5786310222246045
1144 -3.5786310222246045
1145 -3.5786310222246045
1146 -3.5792244674133475
1147 -3.5792244674133475
1148 -3.579224467412825
1149 -3.5792244674120774
1150 -3.5798179126008205
1151 -3.5798179126008205
1152 -3.581548073500946
1153 -3.581548073500946
1154 -3.581963485133066
1155 -3.5919462421649526
1156 -3.5919462421649526
1157 -3.5919462421649526
1158 -3.591880054134537
1159 -3.5919498723675467
1160 -3.591445452280047
1161 -3.5913991206587554
1162 -3.5913991206587554
1163 -3.5913991206587554
1164 -3.5914479934218626
1165 -3.5914479934213404
1166 -3.591447993402826
1167 -3.592295772243888
1168 -3.592229591720366
1169 -3.592229591720366
1170 -3.5920587724225697
1171 -3.5920587724096094
1172 -3.592058772400538
1173 -3.592058772400538
1174 -3.5920587724001707
1175 -3.5920587724001707
1176 -3.5920587724001662
1177 -3.5920587724001662
1178 -3.5920587724001627
1179 -3.59205877240016
1180 -3.592058772400158
1181 -3.592058772400158
1182 -3.5920587723938078
1183 -3.5920587723893624
1184 -3.5920587723893624
1185 -3.5920929833235378
1186 -3.5920929833235378
1187 -3.5920929833235378
1188 -3.5920929833235378
1189 -3.5920929833234503
1190 -3.5920929833234503
1191 -3.592092983323449
1192 -3.5920929833233877
1193 -3.592092983323345
1194 -3.592092983323345
1195 -3.5890657241662205
1196 -3.5890657241662205
1197 -3.589065724165964
1198 -3.589065724165598
1199 -3.589065724165598
1200 -3.589065724165598
1201 -3.5850675172721282
1202 -3.5850675172721282
1203 -3.5850675172721282
1204 -3.5850675172720976
1205 -3.585067517271842
1206 -3.610246697194162
1207 -3.610246697194162
1208 -3.610246697193983
1209 -3.610537485336467
1210 -3.610537485336467
1211 -3.610537485336467
1212 -3.610537485336467
1213 -3.610537485336467
1214 -3.610537485336467
1215 -3.610537485336467
1216 -3.610537485336467
1217 -3.610537485336467
1218 -3.6105374853362875
1219 -3.610537485336286
1220 -3.610537485336286
1221 -3.610537485336286
1222 -3.610537485336286
1223 -3.610537485336161
1224 -3.610537485336161
1225 -3.6105374853361396
1226 -3.628162911281764
1227 -3.6281868589356865
1228 -3.6281868589356865
1229 -3.6281868589356865
1230 -3.628186858935598
1231 -3.6278337648743477
1232 -3.6278337648743477
1233 -3.6277076512497772
1234 -3.6279112029495164
1235 -3.625792121539529
1236 -3.6270032341696155
1237 -3.6270032341696155
1238 -3.6270032341696155
1239 -3.627003234169615
1240 -3.627003234169615
1241 -3.627003234169615
1242 -3.627418645801735
1243 -3.6548044774317785
1244 -3.6548044774286663
1245 -3.6548044774286663
1246 -3.6550952655711506
1247 -3.65529881727089
1248 -3.6555896054133736
1249 -3.655589605413373
1250 -3.655589605413373
1251 -3.655589605413373
1252 -3.655589605413373
1253 -3.655589605413373
1254 -3.655589605413373
1255 -3.6564373842544344
1256 -3.6564373842544344
1257 -3.6566409359541727
1258 -3.6566409359540475
1259 -3.6566409359540475
1260 -3.6566409359540475
1261 -3.6566409359540475
1262 -3.6566409359540475
1263 -3.6566409359540466
1264 -3.6566409359540466
1265 -3.675811018095077
1266 -3.6892300755937986
1267 -3.6892300755937986
1268 -3.6892300755937986
1269 -3.6892300755937986
1270 -3.6892300755916203
1271 -3.689230075591532
1272 -3.689230075591532
1273 -3.689230075591532
1274 -3.689230075591532
1275 -3.6892300755914706
1276 -3.6892300755914706
1277 -3.6892300755914706
1278 -3.6892300755914706
1279 -3.6892300755914706
1280 -3.6892300755914706
1281 -3.6892300755914706
1282 -3.6898235207802137
1283 -3.6898235207802137
1284 -3.6898402841379596
1285 -3.6898402841379596
1286 -3.6898402841379596
1287 -3.6898402841379596
1288 -3.6895931182950847
1289 -3.68959311829507
1290 -3.68959311829507
1291 -3.689593118295027
1292 -3.6896048526454486
1293 -3.6896048526454486
1294 -3.6896048526454384
1295 -3.689604852643914
1296 -3.701942650805851
1297 -3.701942650805851
1298 -3.7018952252420707
1299 -3.7018952252410036
1300 -3.7018952252410036
1301 -3.7018952252409423
1302 -3.7018952252409423
1303 -3.701895225240912
1304 -3.701903439286207
1305 -3.7027512181272684
1306 -3.7027512181272613
1307 -3.702751218127218
1308 -3.702751218127188
1309 -3.702751218127188
1310 -3.703344663315931
1311 -3.703344663315931
1312 -3.703311131983712
1313 -3.703311131983691
1314 -3.703311131983691
1315 -3.703311131983691
1316 -3.7033111319829435
1317 -3.7033111319829435
1318 -3.7037265436150637
1319 -3.7037265436150637
1320 -3.703732293446771
1321 -3.7037322934462478
1322 -3.7037322934462424
1323 -3.7037322934462424
1324 -3.7037322934462424
1325 -3.7038747796360596
1326 -3.7038747796360383
1327 -3.7041655677785226
1328 -3.7041655677785226
1329 -3.7041655677785226
1330 -3.704165567778519
1331 -3.704165567778519
1332 -3.703575921910307
1333 -3.7035759219102924
1334 -3.7035759219102924
1335 -3.7035759219102924
1336 -3.7035759219102924
1337 -3.7035759219102924
1338 -3.7035759219102924
1339 -3.7035759219102924
1340 -3.703675662243164
1341 -3.703675662243164
1342 -3.703675662243164
1343 -3.7036756622431537
1344 -3.7054058231432787
1345 -3.7054058231432716
1346 -3.7054058231429057
1347 -3.702607078317476
1348 -3.702607078317476
1349 -3.702607078317476
1350 -3.7120004185665816
1351 -3.712142904756399
1352 -3.712142904756399
1353 -3.7122426450892707
1354 -3.7122426450892707
1355 -3.7124461967890094
1356 -3.7124461967890094
1357 -3.710487075411209
1358 -3.710487075411209
1359 -3.7104870754111943
1360 -3.7104870754111943
1361 -3.7104870754111943
1362 -3.710487075411192
1363 -3.710487075411192
1364 -3.711080520599935
1365 -3.711080520599935
1366 -3.711080520599935
1367 -3.7110466288531483
1368 -3.7110466288531483
1369 -3.7110466288531483
1370 -3.7110466288531483
1371 -3.7110466288531483
1372 -3.7110466288528916
1373 -3.712257741482979
1374 -3.712257741482979
1375 -3.712257741482979
1376 -3.7122577414827997
1377 -3.7122577414827997
1378 -3.7122577414827997
1379 -3.7121653335934828
1380 -3.7122351518264938
1381 -3.7122351518264938
1382 -3.7122391767086884
1383 -3.7122391767086884
1384 -3.712239176708683
1385 -3.7123089949416936
1386 -3.7123089949416936
1387 -3.7209454536550495
1388 -3.7209454536550495
1389 -3.7209454536550495
1390 -3.7209454536550393
1391 -3.7209482710725754
1392 -3.7213636827046948
1393 -3.7214125554678024
1394 -3.7214125554678024
1395 -3.7214125554678024
1396 -3.7214125554678024
1397 -3.7214125554678024
1398 -3.7214125554678024
1399 -3.7214125554678024
1400 -3.7214125554678024
1401 -3.7214125554678024
1402 -3.720041170503342
1403 -3.7200411705032166
1404 -3.7200411705032166
1405 -3.7200411705032166
1406 -3.7200411705032166
1407 -3.720041170503213
1408 -3.7200411705032113
1409 -3.72004117050321
1410 -3.72004117050321
1411 -3.7200411705032077
1412 -3.7200411705032077
1413 -3.7200411705032077
1414 -3.726086691602557
1415 -3.726086691602557
1416 -3.7260866916025552
1417 -3.72606272938852
1418 -3.72606272938852
1419 -3.72606272938852
1420 -3.7260627293885187
1421 -3.7260627293885187
1422 -3.726062729388431
1423 -3.7260627293883695
1424 -3.726062729388369
1425 -3.7260627293883686
1426 -3.7260627293883672
1427 -3.72606272938836
1428 -3.7260627293883597
1429 -3.7260627293883597
1430 -3.726062729388316
1431 -3.726062729388316
1432 -3.726062729388316
1433 -3.726062729388311
1434 -3.726062729388311
1435 -3.7260627293882806
1436 -3.726096940322456
1437 -3.726096940322456
1438 -3.726096940322456
1439 -3.7265123519545758
1440 -3.7265123519545758
1441 -3.7265123519545758
1442 -3.7265123519545758
1443 -3.726487948178598
1444 -3.726487948178598
1445 -3.7264879481785766
1446 -3.726487948178573
1447 -3.726487948178573
1448 -3.7264879481785584
1449 -3.7267787363210423
1450 -3.7267787363210423
1451 -3.726713404211864
1452 -3.7265403881218515
1453 -3.7265403881218515
1454 -3.7265403881218515
1455 -3.7265403881218515
1456 -3.725057031134861
1457 -3.72505703113486
1458 -3.72505703113486
1459 -3.7259048099759213
1460 -3.725904809975919
1461 -3.725904809975909
1462 -3.725904809975907
1463 -3.7258586248888235
1464 -3.7258586248888235
1465 -3.7258586248888235
1466 -3.7258586248888235
1467 -3.7258586248888226
1468 -3.7258262953278645
1469 -3.7258262953278645
1470 -3.7258262953278645
1471 -3.725826295327863
1472 -3.7258091754102445
1473 -3.725951661600062
1474 -3.7249133117091677
1475 -3.7249133117091677
1476 -3.724901327766835
1477 -3.724901327766835
1478 -3.724901327766835
1479 -3.724901327766835
1480 -3.724901327766835
1481 -3.724901327766835
1482 -3.724901327766835
1483 -3.724901327766835
1484 -3.7250010680997065
1485 -3.7250010680997065
1486 -3.7250010680996994
1487 -3.7250010680996994
1488 -3.7250010680996994
1489 -3.7250010680996994
1490 -3.7419668078692436
1491 -3.7419668078692436
1492 -3.7419668078692436
1493 -3.7419668078692383
1494 -3.7419668078692383
1495 -3.7419668078692383
1496 -3.742109294059056
1497 -3.7421092940590555
1498 -3.742312845758794
1499 -3.742312845758794
1500 -3.742312845758794
1501 -3.742361718521901
1502 -3.742361718521901
1503 -3.742361718521901
1504 -3.742361718521901
1505 -3.742955163710645
1506 -3.742938352886386
1507 -3.7429383528863824
1508 -3.7433537645185027
1509 -3.7433537645185027
1510 -3.7433537645185027
1511 -3.7433537645185027
1512 -3.7433537645185027
1513 -3.7433537645185027
1514 -3.7433537645185013
1515 -3.7433537645185013
1516 -3.7433537645185013
1517 -3.7433537645185013
1518 -3.7433537645185013
1519 -3.7433537645185013
1520 -3.7433537645185013
1521 -3.7433537645185013
1522 -3.7433419969415205
1523 -3.7433419969415205
1524 -3.7552180147802026
1525 -3.7552180147802026
1526 -3.7552180147802026
1527 -3.754491169856577
1528 -3.754491169856577
1529 -3.754491169856577
1530 -3.754491169856577
1531 -3.754491169856577
1532 -3.754491169856577
1533 -3.754491169856577
1534 -3.754491169856576
1535 -3.754491169856576
1536 -3.754491169856576
1537 -3.754491169856576
1538 -3.754491169856576
1539 -3.7547819579990596
1540 -3.7547819579990596
1541 -3.7547819579990596
1542 -3.7548059056529817
1543 -3.7548059056529817
1544 -3.754391130652696
1545 -3.754391130652696
1546 -3.754391130652696
1547 -3.754391130652696
1548 -3.7545336168425134
1549 -3.752867200395975
1550 -3.752867200395975
1551 -3.7531579885384585
1552 -3.7531579885384585
1553 -3.7531579885384585
1554 -3.7531579885384585
1555 -3.7531579885384585
1556 -3.7531579885384585
1557 -3.7531579885384585
1558 -3.7532577288713305
1559 -3.7532577288713305
1560 -3.7532577288713305
1561 -3.7532577288713305
1562 -3.7532577288713305
1563 -3.7532577288713305
1564 -3.7532577288713305
1565 -3.7532577288713305
1566 -3.7532577288713305
1567 -3.75296738637113
1568 -3.75296738637113
1569 -3.7529673863711293
1570 -3.7529673863711293
1571 -3.751800894858553
1572 -3.751800894858553
1573 -3.751800894858553
1574 -3.751800894858553
1575 -3.750984350799749
1576 -3.751001114157495
1577 -3.751001114157495
1578 -3.751001114157495
1579 -3.751001114157495
1580 -3.751001114157495
1581 -3.751001114157495
1582 -3.751001114157495
1583 -3.751001114157495
1584 -3.7507978744073545
1585 -3.7506556065822565
1586 -3.7506556065822565
1587 -3.7506556065822565
1588 -3.7506556065822565
1589 -3.7510710182143767
1590 -3.751071018214374
1591 -3.751071018214374
1592 -3.751071018214374
1593 -3.7510627237687797
1594 -3.7510627237687797
1595 -3.751062723768778
1596 -3.7510744581192004
1597 -3.7510744581192004
1598 -3.7510744581192004
1599 -3.7510744581192004
1600 -3.7510744581192004
1601 -3.759387670606277
1602 -3.7593818644943613
1603 -3.7593818644943613
1604 -3.7593818644943613
1605 -3.7593818644943613
1606 -3.7593818644943613
1607 -3.7593778002160203
1608 -3.7593778002160203
1609 -3.759447618449031
1610 -3.759517436682041
1611 -3.759517436682041
1612 -3.759514591687202
1613 -3.7595126001908152
1614 -3.7595126001908152
1615 -3.759514572383091
1616 -3.758942991541929
1617 -3.7589429915419275
1618 -3.7589429915419275
1619 -3.773675952782881
1620 -3.773724825545989
1621 -3.773724825545989
1622 -3.773724825545989
1623 -3.773724825545989
1624 -3.773724825545989
1625 -3.773724825545989
1626 -3.773724825545989
1627 -3.773724825545988
1628 -3.773724825545988
1629 -3.773724825545988
1630 -3.7737590364801625
1631 -3.7737590364801625
1632 -3.7737590364801625
1633 -3.7737590364801625
1634 -3.801981962154535
1635 -3.8020817024874076
1636 -3.8020817024874076
1637 -3.8020817024874076
1638 -3.8020817024874076
1639 -3.802115913421582
1640 -3.802139861075505
1641 -3.802139861075504
1642 -3.802139861075504
1643 -3.802139861075504
1644 -3.802139861075504
1645 -3.802139861075504
1646 -3.802139861075504
1647 -3.802139861075504
1648 -3.802139861075504
1649 -3.8021384580784408
1650 -3.8021384580784408
1651 -3.8021384580784408
1652 -3.8021384580784408
1653 -3.8021384580784408
1654 -3.8021384580784408
1655 -3.8021384580784408
1656 -3.8021466721237367
1657 -3.8021466721237367
1658 -3.8021466721237367
1659 -3.8021466721237367
1660 -3.8021466721237367
1661 -3.8021466721237367
1662 -3.8021466721237367
1663 -3.8021466721237367
1664 -3.8022164903567472
1665 -3.8022164903567472
1666 -3.8022164903567472
1667 -3.8022164903567472
1668 -3.8022164903567472
1669 -3.8022164903567472
1670 -3.8022164903567472
1671 -3.8022164903567472
1672 -3.8022332537144927
1673 -3.8219893016865547
1674 -3.8219893016865547
1675 -3.8323023745552223
1676 -3.8323023745552223
1677 -3.8323023745552223
1678 -3.8323023745552223
1679 -3.8323023745552223
1680 -3.8323023745552223
1681 -3.8323023745552223
1682 -3.8325059262549614
1683 -3.8325059262549614
1684 -3.8325059262549614
1685 -3.8325059262549614
1686 -3.8325059262549614
1687 -3.8325059262549614
1688 -3.8325059262549614
1689 -3.8325059262549614
1690 -3.832497471404029
1691 -3.832497471404029
1692 -3.832497471404029
1693 -3.832497471404029
1694 -3.832497471404029
1695 -3.8324974714040287
1696 -3.8324974714040287
1697 -3.8324974714040287
1698 -3.8324974714040287
1699 -3.8324974714040287
1700 -3.8324974714040287
1701 -3.8324974714040287
1702 -3.8324974714040287
1703 -3.8324741468592176
1704 -3.8324741468592176
1705 -3.8324741468592176
1706 -3.8324741468592176
1707 -3.8326776985589563
1708 -3.832683448390663
1709 -3.8327323211537703
1710 -3.8327323211537703
1711 -3.8465615547342136
1712 -3.8465615547342136
1713 -3.8465615547342136
1714 -3.8465615547342136
1715 -3.8465615547342136
1716 -3.8465615547342136
1717 -3.8465615547342136
1718 -3.8465615547342136
1719 -3.8465615547342136
1720 -3.8465615547342136
1721 -3.846461273404504
1722 -3.846461273404504
1723 -3.846461273404504
1724 -3.846461273404504
1725 -3.846461273404504
1726 -3.846461273404504
1727 -3.846461273404504
1728 -3.846461273404504
1729 -3.846461273404504
1730 -3.846461273404504
1731 -3.846461273404504
1732 -3.846461273404504
1733 -3.846461273404504
1734 -3.846461273404504
1735 -3.846461273404504
1736 -3.846461273404504
1737 -3.846461273404504
1738 -3.846460280656546
1739 -3.8460601740677323
1740 -3.8460594791441616
1741 -3.8460594791441616
1742 -3.8460594791441616
1743 -3.8460594791441616
1744 -3.8460594791441616
1745 -3.8460594791441616
1746 -3.8460594791441616
1747 -3.8460594791441616
1748 -3.8460594791441616
1749 -3.8460594791441616
1750 -3.8460594791441616
1751 -3.8460594791441616
1752 -3.8460594791441616
1753 -3.8595182289022287
1754 -3.8595182289022287
1755 -3.8595182289022287
1756 -3.8595182289022287
1757 -3.8595182289022287
1758 -3.8595222537844234
1759 -3.8595222537844234
1760 -3.8595222537844234
1761 -3.8595163247387574
1762 -3.8595163247387574
1763 -3.8595163247387574
1764 -3.8595163247387574
1765 -3.859519142156294
1766 -3.8595211143485693
1767 -3.875441176604879
1768 -3.875465124258802
1769 -3.875465124258802
1770 -3.875465124258802
1771 -3.875465124258802
1772 -3.875465124258802
1773 -3.875465124258802
1774 -3.875465124258802
1775 -3.8866091678382193
1776 -3.8866091678382193
1777 -3.8866091678382193
1778 -3.8866091678382193
1779 -3.8864880565752102
1780 -3.8864880565752102
1781 -3.8864880565752102
1782 -3.8864880565752102
1783 -3.8864880565752102
1784 -3.8864880565752102
1785 -3.8942888870808017
1786 -3.8942888870808017
1787 -3.8942888870808017
1788 -3.8942888870808017
1789 -3.8942888870808017
1790 -3.8942888870808017
1791 -3.8942888870808017
1792 -3.8942888870808017
1793 -3.8942888870808017
1794 -3.8942888870808017
1795 -3.8942888870808017
1796 -3.8942888870808017
1797 -3.894300621431224
1798 -3.8944431076210417
1799 -3.8944426181048324
1800 -3.8944426181048324
1801 -3.8944426181048324
1802 -3.894733406247316
1803 -3.894733406247316
1804 -3.8947347867819087
1805 -3.8947347867819087
1806 -3.8947347867819087
1807 -3.8947347867819087
1808 -3.8947347867819087
1809 -3.8947347867819087
1810 -3.8947347867819087
1811 -3.8947347867819087
1812 -3.8947347867819087
1813 -3.8947306333802323
1814 -3.8947306333802323
1815 -3.8947306333802323
1816 -3.8947306333802323
1817 -3.894730290718886
1818 -3.894730290718886
1819 -3.8947470540766314
1820 -3.8947470540766314
1821 -3.8947470540766314
1822 -3.9045753545555457
1823 -3.9045751146926033
1824 -3.9045751146926033
1825 -3.9045751146926033
1826 -3.9045751146926033
1827 -3.9045751146926033
1828 -3.9045751146926033
1829 -3.9045751146926033
1830 -3.9045751146926033
1831 -3.9045751146926033
1832 -3.90457220731143
1833 -3.90457220731143
1834 -3.90457220731143
1835 -3.9045804213567252
1836 -3.9045804213567252
1837 -3.9045804213567252
1838 -3.9045804213567252
1839 -3.9045804213567252
1840 -3.9045804213567252
1841 -3.9045804213567252
1842 -3.9045804213567252
1843 -3.9045804213567252
1844 -3.9045804213567252
1845 -3.9045804213567252
1846 -3.9045813877309405
1847 -3.9045813877309405
1848 -3.9045813877309405
1849 -3.9045813877309405
1850 -3.9045813877309405
1851 -3.9045813877309405
1852 -3.904784939430679
1853 -3.904784939430679
1854 -3.904784939430679
1855 -3.904784939430679
1856 -3.904784939430679
1857 -3.904784939430679
1858 -3.904784939430679
1859 -3.904784939430679
1860 -3.904784939430679
1861 -3.9008927058305574
1862 -3.9008927058305574
1863 -3.9008927058305574
1864 -3.9008927058305574
1865 -3.9008927058305574
1866 -3.9008927058305574
1867 -3.9010351920203745
1868 -3.8983106285002886
1869 -3.8983113049622387
1870 -3.8983113049622387
1871 -3.8983113049622387
1872 -3.8983113049622387
1873 -3.8983113049622387
1874 -3.8983113049622387
1875 -3.8983113049622387
1876 -3.8983113049622387
1877 -3.8983113049622387
1878 -3.8984537911520563
1879 -3.8984537911520563
1880 -3.8984655255024787
1881 -3.8984655255024787
1882 -3.8984655255024787
1883 -3.8984655255024787
1884 -3.8984655255024787
1885 -3.8984655255024787
1886 -3.8984655255024787
1887 -3.8984655255024787
1888 -3.8984655255024787
1889 -3.8984655255024787
1890 -3.8984655255024787
1891 -3.8984655255024787
1892 -3.8984655255024787
1893 -3.8985652658353502
1894 -3.898566646369943
1895 -3.898566646369943
1896 -3.898566646369943
1897 -3.898566646369943
1898 -3.898566646369943
1899 -3.898566646369943
1900 -3.898566646369943
1901 -3.898566646369943
1902 -3.898566646369943
1903 -3.898566646369943
1904 -3.898566646369943
1905 -3.898566646369943
1906 -3.898566646369943
1907 -3.898566646369943
1908 -3.898566646369943
1909 -3.898566646369943
1910 -3.898566646369943
1911 -3.898566646369943
1912 -3.898600857304119
1913 -3.898600857304119
1914 -3.8986018236783333
1915 -3.8986018236783333
1916 -3.898625771332256
1917 -3.898625771332256
1918 -3.898625771332256
1919 -3.8967185768681962
1920 -3.8967192533301467
1921 -3.8967192533301467
1922 -3.8967192533301467
1923 -3.8967192533301467
1924 -3.8967192533301467
1925 -3.8967192533301467
1926 -3.9105080972857937
1927 -3.9105080972857937
1928 -3.9105080972857937
1929 -3.9106078376186653
1930 -3.9106078376186653
1931 -3.9106078376186653
1932 -3.9106078376186653
1933 -3.9106078376186653
1934 -3.910591401765478
1935 -3.910591401765478
1936 -3.910591401765478
1937 -3.910591401765478
1938 -3.910591401765478
1939 -3.910591401765478
1940 -3.910589361892791
1941 -3.910589361892791
1942 -3.910589361892791
1943 -3.910589361892791
1944 -3.9105879339819105
1945 -3.9106577522149215
1946 -3.9106577522149215
1947 -3.9106462471176897
1948 -3.9106462471176897
1949 -3.9106462471176897
1950 -3.9106462471176897
1951 -3.9175260574529296
1952 -3.9175260574529296
1953 -3.9175260574529296
1954 -3.9175179278145946
1955 -3.9175179278145946
1956 -3.9175179278145946
1957 -3.9175179278145946
1958 -3.9175179278145946
1959 -3.917587746047605
1960 -3.917587746047605
1961 -3.917587746047605
1962 -3.917587746047605
1963 -3.917587746047605
1964 -3.917587746047605
1965 -3.9176874863804767
1966 -3.9176874863804767
1967 -3.9176874863804767
1968 -3.9176873130335146
1969 -3.9176873130335146
1970 -3.9176873130335146
1971 -3.9176873130335146
1972 -3.9176873130335146
1973 -3.9176873130335146
1974 -3.917687191690641
1975 -3.917687106750629
1976 -3.917687106750629
1977 -3.917687106750629
1978 -3.917687106750629
1979 -3.917687106750629
1980 -3.917687106750629
1981 -3.917687106750629
1982 -3.917687106750629
1983 -3.917616634554115
1984 -3.917616634554115
1985 -3.917616634554115
1986 -3.917616634554115
1987 -3.917616634554115
1988 -3.917616634554115
1989 -3.917616634554115
1990 -3.917616634554115
1991 -3.917616634554115
1992 -3.917616634554115
1993 -3.917616634554115
1994 -3.9176248485994107
1995 -3.9176248485994107
1996 -3.9176248485994107
1997 -3.9176248485994107
1998 -3.9176248485994107
1999 -3.9176248485994107
